total_task	shipper_binned	shipper_id	distance_sum	distance_mean	distance_std	price_sum	price_mean	price_std	pricekm_sum	pricekm_mean	pricekm_std	size_1	size_2	size_3	size_4	size_5	company_down	company_midlow	company_mid	company_midup	company_top
128	(52, 365]	2095	974.8616099999998	7.6161063281249985	3.402498242555071	347243.35000000003	2712.8386718750003	711.8762087061517	55173.15509361021	431.04027416882974	259.8912171142975	0.0	0.0	128.0	0.0	0.0	0.0	0.0	0.0	0.0	128.0
2642	(1000, 5000]	3330	28473.07040855573	10.777089480906787	6.189535968576594	7055091.149999989	2670.36001135503	662.5318354888589	1130683.442997224	427.96496706935045	590.5395742729215	124.0	24.0	2491.0	0.0	3.0	0.0	5.0	31.0	39.0	2567.0
96	(52, 365]	3472	702.8450000000003	7.321302083333336	2.2392950306069266	242371.37999999998	2524.7018749999997	461.75939615279606	37211.69360527499	387.6218083882811	213.1067377386871	0.0	0.0	96.0	0.0	0.0	0.0	0.0	6.0	0.0	90.0
197	(52, 365]	3623	1906.8259999999996	9.679319796954312	5.5952157564739045	562923.9399999998	2857.4819289340094	1144.208775957829	68934.24745693339	349.92003785245373	154.5970100054195	0.0	3.0	194.0	0.0	0.0	0.0	2.0	10.0	1.0	184.0
11	(0, 12]	3706	97.286	8.844181818181818	5.079262364126937	35094.5	3190.409090909091	952.3442344599408	5060.784538367439	460.0713216697672	221.36657639254418	0.0	0.0	11.0	0.0	0.0	0.0	0.0	1.0	0.0	10.0
71	(52, 365]	4276	594.13	8.368028169014085	2.7871433146392066	197537.0	2782.211267605634	758.168896854086	28132.311901360466	396.229745089584	300.4622902836518	0.0	1.0	70.0	0.0	0.0	0.0	0.0	3.0	0.0	68.0
859	(365, 1000]	4472	8352.887200000003	9.72396647264261	5.39075754527613	1756411.9500000002	2044.7170547147848	1036.2098091736993	430107.03482627583	500.70667616562963	909.5712145896618	18.0	167.0	670.0	3.0	1.0	0.0	0.0	4.0	1.0	854.0
1	(0, 12]	5786	3.6010000000000004	3.6010000000000004		4500.0	4500.0		1249.6528742016105	1249.6528742016105		0.0	0.0	1.0	0.0	0.0	0.0	0.0	0.0	1.0	0.0
1	(0, 12]	5879	10.198	10.198		6599.0	6599.0		647.0876642478918	647.0876642478918		0.0	0.0	1.0	0.0	0.0	0.0	0.0	0.0	0.0	1.0
1	(0, 12]	5949	2.045	2.045		3500.0	3500.0		1711.4914425427876	1711.4914425427876		0.0	0.0	1.0	0.0	0.0	0.0	0.0	0.0	1.0	0.0
507	(365, 1000]	6001	7525.144099999999	14.8424932938856	2.784256135015231	937118.9099999998	1848.360769230769	745.4841543659206	65085.083544403344	128.3729458469494	58.261080635920564	0.0	0.0	507.0	0.0	0.0	0.0	0.0	0.0	0.0	507.0
2	(0, 12]	6149	15.7	7.85	6.7175144212722016	9098.0	4549.0	1484.9242404917497	1573.074756784434	786.537378392217	483.9047059525602	0.0	0.0	2.0	0.0	0.0	0.0	0.0	0.0	0.0	2.0
13	(12, 52]	6204	180.895	13.915000000000001	10.250695415434018	39762.0	3058.6153846153848	1352.2946879570752	3314.477654424694	254.95981957113028	76.80095092928596	0.0	0.0	13.0	0.0	0.0	0.0	0.0	0.0	13.0	0.0
239	(52, 365]	6279	2846.0981059999986	11.908360276150622	5.574154961013402	1033347.5899999997	4323.630083682007	2498.278684422602	119789.66652567653	501.21199383128254	565.0812062871325	2.0	5.0	227.0	5.0	0.0	2.0	2.0	28.0	51.0	156.0
1	(0, 12]	6303	22.739	22.739		12869.5	12869.5		565.965961563833	565.965961563833		0.0	0.0	1.0	0.0	0.0	0.0	0.0	0.0	0.0	1.0
10	(0, 12]	6379	79.79615	7.979615	3.3036361724662995	49623.86	4962.386	2252.766689202906	8385.203734257731	838.5203734257732	884.9586904770697	0.0	3.0	7.0	0.0	0.0	0.0	0.0	1.0	8.0	1.0
50	(12, 52]	6710	377.4601	7.549202	5.678801529515587	152610.92	3052.2184	868.6592779712603	30795.96034840658	615.9192069681317	481.6114807751123	0.0	0.0	50.0	0.0	0.0	0.0	9.0	16.0	2.0	23.0
14	(12, 52]	6893	134.20000000000002	9.585714285714287	5.17387775164924	90688.0	6477.714285714285	2186.19020316065	11604.745138420285	828.9103670300203	390.490870184662	0.0	0.0	14.0	0.0	0.0	0.0	0.0	0.0	0.0	14.0
79	(52, 365]	6909	933.0801899999999	11.811141645569618	7.342244554373986	267093.15	3380.925949367089	2084.773632171177	35256.303811812184	446.2823267317998	491.1237534471005	4.0	6.0	67.0	2.0	0.0	0.0	0.0	16.0	7.0	56.0
893	(365, 1000]	7044	20815.40000000001	23.30951847704368	5.354134764162036	3240438.0	3628.7099664053753	326.548133853846	148963.36189553185	166.81227535893825	73.81200848672268	3.0	78.0	811.0	1.0	0.0	0.0	0.0	3.0	1.0	889.0
722	(365, 1000]	7063	17073.000000000004	23.64681440443214	6.003126517022292	2685199.0	3719.112188365651	899.0551936396679	130010.87426621269	180.07046297259376	168.64772777139174	5.0	62.0	652.0	3.0	0.0	1.0	0.0	8.0	3.0	710.0
133	(52, 365]	7620	1552.7068000000004	11.674487218045115	7.143393025349236	528628.5499999998	3974.650751879698	2170.0927899888407	59799.615495867525	449.6211691418611	340.01258206993987	2.0	2.0	129.0	0.0	0.0	0.0	0.0	29.0	11.0	93.0
4	(0, 12]	7660	33.379	8.34475	1.788261795711131	17170.5	4292.625	1790.7961625582443	2088.2897308056135	522.0724327014034	191.04454441291452	0.0	0.0	4.0	0.0	0.0	0.0	0.0	0.0	4.0	0.0
19	(12, 52]	7824	108.74200000000002	5.7232631578947375	3.036109129975865	85789.00000000001	4515.21052631579	1735.0664364656782	17381.1087309153	914.7951963639632	358.36732337011887	0.0	1.0	18.0	0.0	0.0	0.0	1.0	11.0	7.0	0.0
757	(365, 1000]	7871	8904.684839999993	11.763123963011878	4.09188720517447	1972592.5499999998	2605.8025759577276	1957.6881682879418	214505.02256604296	283.36198489569745	314.14601772765036	2.0	362.0	383.0	8.0	2.0	0.0	4.0	57.0	47.0	649.0
7	(0, 12]	8234	60.49999999999999	8.642857142857142	6.274513830530922	46516.0	6645.142857142857	4095.5300604672007	6820.1157423932	974.3022489133143	535.2906550518265	0.0	0.0	7.0	0.0	0.0	0.0	1.0	1.0	0.0	5.0
3	(0, 12]	8727	27.4	9.133333333333333	5.532027958473577	13497.0	4499.0	433.0127018922193	1794.6853922287391	598.2284640762464	279.485805862143	0.0	0.0	3.0	0.0	0.0	0.0	0.0	0.0	0.0	3.0
126	(52, 365]	8773	1738.9400000000007	13.801111111111117	6.102451562737353	913071.0300000001	7246.595476190478	3295.309806577733	74727.55246745175	593.075813233744	287.20442341170144	1.0	14.0	111.0	0.0	0.0	0.0	0.0	7.0	23.0	96.0
130	(52, 365]	9060	1360.5171800000003	10.46551676923077	5.598036525552691	812541.2800000005	6250.317538461542	3187.7603776032397	95015.99617350387	730.8922782577221	657.9513346907457	2.0	9.0	116.0	3.0	0.0	1.0	2.0	35.0	68.0	24.0
42	(12, 52]	9241	447.87687999999997	10.663735238095237	5.605873291615237	174047.14000000004	4143.979523809525	1900.4563778426204	18081.146784602195	430.5034948714808	158.31482662062197	4.0	5.0	33.0	0.0	0.0	0.0	0.0	1.0	18.0	23.0
5	(0, 12]	9739	70.82799999999999	14.165599999999998	5.418743978082006	32446.269999999997	6489.253999999999	851.2896931303703	2635.9777639674053	527.195552793481	233.34376520933782	0.0	0.0	5.0	0.0	0.0	0.0	0.0	1.0	2.0	2.0
5	(0, 12]	9800	59.158	11.8316	7.498125952529737	33498.0	6699.6	3075.1382570544697	3568.7798734126354	713.755974682527	324.2739664205461	0.0	0.0	4.0	1.0	0.0	0.0	2.0	2.0	1.0	0.0
1	(0, 12]	9806	0.794	0.794		3500.0	3500.0		4408.060453400503	4408.060453400503		0.0	0.0	1.0	0.0	0.0	0.0	0.0	0.0	1.0	0.0
34	(12, 52]	9818	510.6320999999999	15.018591176470586	3.7567544468006067	112392.87	3305.6726470588233	2084.9562415745463	8543.282911848664	251.27302681907835	201.34218801308666	0.0	0.0	34.0	0.0	0.0	0.0	1.0	0.0	4.0	29.0
545	(365, 1000]	9830	5542.250509999997	10.169266990825683	4.963520001766242	2128006.8100000005	3904.599651376148	2249.5827343451197	269265.8147946223	494.06571521949047	411.6551737139232	46.0	6.0	493.0	0.0	0.0	0.0	3.0	12.0	36.0	494.0
495	(365, 1000]	9846	4979.127373208768	10.058843178199533	4.72733998337542	2115029.0500000007	4272.785959595961	2175.2565879599115	256661.01431837145	518.5070996330736	501.08336433608855	3.0	9.0	480.0	3.0	0.0	3.0	1.0	25.0	27.0	439.0
123	(52, 365]	9939	1008.5920000000002	8.199934959349596	4.724100148054631	584299.1499999999	4750.399593495934	2049.4789040273417	98667.06410957193	802.171252923349	698.0792184167564	3.0	5.0	115.0	0.0	0.0	0.0	4.0	21.0	13.0	85.0
462	(365, 1000]	9948	4687.617279999999	10.146357748917746	2.670005989754044	967384.2400000001	2093.905281385282	894.0108638424696	111550.47927641064	241.45125384504468	161.67272418534478	29.0	1.0	430.0	2.0	0.0	2.0	0.0	1.0	0.0	459.0
2082	(1000, 5000]	10033	30805.437900000008	14.796079682997123	7.80511328276563	5476116.509999997	2630.2192651296814	1079.20845220424	778671.8828895184	374.0018649805564	780.4016862764134	36.0	828.0	1190.0	25.0	3.0	0.0	0.0	15.0	2.0	2065.0
1	(0, 12]	10035	13.334	13.334		8667.0	8667.0		649.9925003749812	649.9925003749812		0.0	0.0	1.0	0.0	0.0	0.0	0.0	0.0	0.0	1.0
81	(52, 365]	10072	714.7930120000001	8.824605086419755	5.991009997683371	292275.6000000001	3608.3407407407417	2025.0031682621993	49713.85372498608	613.7512805553837	866.885753768436	5.0	9.0	67.0	0.0	0.0	10.0	0.0	26.0	25.0	20.0
1040	(1000, 5000]	10202	20627.60565000003	19.834236201923105	6.227052307607477	3806520.4300000006	3660.1157980769235	745.0674737185858	236508.01615615352	227.41155399630145	181.19379543955804	10.0	63.0	953.0	14.0	0.0	0.0	4.0	29.0	10.0	997.0
143	(52, 365]	10206	1358.8339099999996	9.502335034965032	5.518872114868241	497322.2500000001	3477.7779720279727	1986.1052167526411	66612.17373987394	465.8193967823352	305.73189270485096	0.0	6.0	136.0	1.0	0.0	0.0	1.0	28.0	28.0	86.0
67	(52, 365]	10306	680.1834999999999	10.151992537313431	4.070934319944011	354886.09	5296.807313432836	3167.5085837752113	37126.007412968866	554.1195136264009	272.67335174652777	4.0	2.0	61.0	0.0	0.0	0.0	0.0	15.0	34.0	18.0
344	(52, 365]	10666	3007.657589999999	8.743190668604647	5.2671084743455685	1662126.36	4831.762674418605	3931.096571788824	239540.03882878166	696.3373221766909	505.7886470808438	6.0	16.0	321.0	1.0	0.0	0.0	1.0	28.0	51.0	264.0
71	(52, 365]	10701	616.2474000000001	8.679540845070424	5.190979670981672	363673.46	5122.161408450705	2143.4929059619994	51111.73970863183	719.883657868054	427.9097756784554	0.0	8.0	63.0	0.0	0.0	1.0	6.0	18.0	29.0	17.0
32	(12, 52]	10718	351.74737000000005	10.992105312500001	5.847495663356035	102206.0	3193.9375	1810.3250498985872	14797.149528745658	462.4109227733018	858.9061591932028	0.0	1.0	31.0	0.0	0.0	0.0	1.0	3.0	11.0	17.0
1983	(1000, 5000]	10766	25236.469816764533	12.726409388181812	8.35919873668279	5701656.659999995	2875.268108925867	1639.2216280423693	1173347.5692442684	591.7032623521272	2063.0993364366177	7.0	564.0	1371.0	22.0	19.0	0.0	1.0	110.0	45.0	1827.0
2304	(1000, 5000]	10862	28613.313457199267	12.418972854687182	6.828938057598779	5195527.390000067	2255.003207465307	1193.648442775518	997515.3102028196	432.9493533866405	912.5828897311955	13.0	852.0	1436.0	3.0	0.0	0.0	1.0	9.0	18.0	2276.0
20	(12, 52]	11000	172.134	8.6067	5.859843262678439	108227.5	5411.375	2990.923818184644	16372.023314648246	818.6011657324123	492.42952120193553	1.0	0.0	19.0	0.0	0.0	0.0	1.0	1.0	6.0	12.0
76	(52, 365]	11007	824.9999999999999	10.855263157894735	5.397268314912453	506845.5	6669.019736842105	2566.4552368858103	54499.158322263815	717.0941884508396	323.90611553472473	0.0	0.0	76.0	0.0	0.0	0.0	0.0	0.0	0.0	76.0
1	(0, 12]	11102	0.818	0.818		3500.0	3500.0		4278.728606356968	4278.728606356968		0.0	1.0	0.0	0.0	0.0	0.0	0.0	1.0	0.0	0.0
64	(52, 365]	11116	585.7769999999999	9.152765624999999	5.619152186353629	209284.0	3270.0625	1429.1984641749373	38836.80582809038	606.8250910639122	730.1796122997763	8.0	15.0	41.0	0.0	0.0	0.0	0.0	9.0	20.0	35.0
2813	(1000, 5000]	11184	28929.929711735705	10.284368898590724	5.189457851714942	6431112.1399999885	2286.211212228933	1250.1938253458052	1255015.7236083094	446.1484975500567	883.9617209664659	83.0	1064.0	1652.0	0.0	14.0	1.0	15.0	59.0	186.0	2552.0
1310	(1000, 5000]	11310	10139.260120000012	7.7398932213740546	3.734870964988072	3547308.1200000006	2707.8687938931303	505.06069006018924	668597.1850910379	510.3795306038457	637.230239416248	277.0	18.0	1010.0	5.0	0.0	0.0	4.0	28.0	15.0	1263.0
12	(0, 12]	11443	154.27574	12.856311666666668	6.300338924375178	72370.59999999999	6030.883333333332	2831.4546313715064	6671.720231151865	555.9766859293221	292.53839233052946	0.0	0.0	12.0	0.0	0.0	0.0	0.0	0.0	7.0	5.0
3	(0, 12]	11451	42.654	14.218000000000002	0.2494153162899188	17732.2	5910.733333333334	886.3481332599133	1249.6340916390895	416.54469721302985	70.3595822555201	0.0	0.0	3.0	0.0	0.0	0.0	0.0	3.0	0.0	0.0
14	(12, 52]	11546	202.576	14.469714285714286	7.242467709798403	75574.90000000001	5398.2071428571435	4495.836859371514	5461.7785177998485	390.12703698570346	208.36242785803523	0.0	0.0	14.0	0.0	0.0	0.0	0.0	0.0	7.0	7.0
31	(12, 52]	11667	223.089	7.196419354838709	3.0728657175801826	80360.0	2592.2580645161293	446.8579914426158	14078.41503097784	454.1424203541239	331.516290040073	0.0	0.0	31.0	0.0	0.0	0.0	0.0	0.0	0.0	31.0
85	(52, 365]	11684	911.0120000000002	10.717788235294119	4.9207007270406145	352995.30000000005	4152.885882352942	2339.1182233906684	40432.92100312053	475.6814235661239	481.7568634118844	17.0	1.0	67.0	0.0	0.0	0.0	6.0	2.0	15.0	62.0
35	(12, 52]	11728	344.49	9.842571428571429	4.564474941041407	211362.43999999997	6038.9268571428565	1952.5851278072232	34188.0600148479	976.8017147099399	1741.8775981475487	0.0	7.0	28.0	0.0	0.0	0.0	0.0	10.0	13.0	12.0
20	(12, 52]	11827	148.617	7.4308499999999995	3.604460413300808	78509.59	3925.4795	1758.8791081357977	11582.691564153347	579.1345782076673	190.06057427065912	1.0	3.0	16.0	0.0	0.0	0.0	0.0	0.0	5.0	15.0
3	(0, 12]	12200	51.389	17.12966666666667	10.160313102130925	25346.059999999998	8448.686666666666	6584.25975973255	1446.1693457285435	482.05644857618114	146.0148944803206	0.0	0.0	3.0	0.0	0.0	0.0	0.0	0.0	0.0	3.0
11	(0, 12]	12227	130.10841	11.828037272727272	2.81061907256779	59959.97	5450.9063636363635	4071.4148725603304	5270.667482077826	479.1515892798024	370.79053639864435	0.0	0.0	11.0	0.0	0.0	0.0	0.0	0.0	1.0	10.0
5	(0, 12]	12274	34.718999999999994	6.943799999999999	1.6550564038726898	23888.88	4777.776	1187.6585224213231	3643.3570433177633	728.6714086635527	239.08557528101844	0.0	1.0	4.0	0.0	0.0	0.0	0.0	1.0	4.0	0.0
3	(0, 12]	12278	36.547000000000004	12.182333333333334	6.438872675657855	18216.0	6072.0	2575.6628273126125	1547.746054648393	515.9153515494644	50.66954515259057	0.0	0.0	3.0	0.0	0.0	0.0	0.0	0.0	0.0	3.0
3586	(1000, 5000]	12293	40191.56448083554	11.207909782720453	7.96770700443534	9395479.380000079	2620.0444450641603	1223.185712827907	1961162.314949298	546.8941201754875	1112.0463339749897	449.0	828.0	2259.0	50.0	0.0	0.0	25.0	30.0	58.0	3473.0
664	(365, 1000]	12334	6157.455447937681	9.27327627701458	5.926952298320393	2122716.1900000027	3196.861731927715	1752.3068057751107	384236.579902561	578.6695480460255	797.767967134556	61.0	14.0	588.0	1.0	0.0	0.0	0.0	47.0	50.0	567.0
51	(12, 52]	12339	453.20491999999996	8.886370980392156	4.51926527955032	183331.26000000004	3594.730588235295	1867.5528132531208	22557.611240530736	442.30610275550464	151.07588953098613	0.0	0.0	51.0	0.0	0.0	0.0	1.0	1.0	0.0	49.0
29	(12, 52]	12353	301.57099999999997	10.399	3.918458397671936	124671.86000000004	4299.029655172415	2671.4222814695586	14293.81569373627	492.89019633573344	492.69951460620086	0.0	3.0	7.0	19.0	0.0	0.0	0.0	5.0	4.0	20.0
1497	(1000, 5000]	12394	15241.157635571204	10.181134025097665	5.05945448718688	3718964.419999998	2484.2781696726774	1492.6798566817017	608743.2057993244	406.6420880423009	1562.5624577018564	29.0	183.0	1277.0	6.0	2.0	0.0	6.0	16.0	30.0	1445.0
50	(12, 52]	12524	460.34200000000004	9.206840000000001	6.0332187279076415	250656.5	5013.13	2704.7113218966488	31691.155894381485	633.8231178876297	284.34483197150934	3.0	1.0	46.0	0.0	0.0	0.0	1.0	1.0	6.0	42.0
1	(0, 12]	12799	6.5	6.5		6150.0	6150.0		946.1538461538464	946.1538461538464		0.0	0.0	1.0	0.0	0.0	0.0	0.0	1.0	0.0	0.0
21	(12, 52]	12879	199.69000000000003	9.509047619047621	4.437366228701328	124283.0	5918.238095238095	1728.677989238074	15159.435793788609	721.8778949423147	287.30325164921214	0.0	2.0	14.0	5.0	0.0	0.0	0.0	7.0	0.0	14.0
3	(0, 12]	12908	15.2	5.066666666666666	1.80092568789868	13297.0	4432.333333333333	1616.5807537309524	2759.22545063223	919.7418168774101	294.9154860748914	0.0	0.0	3.0	0.0	0.0	0.0	0.0	0.0	0.0	3.0
10	(0, 12]	12952	68.31299999999999	6.831299999999999	6.1662907642187035	48606.42	4860.642	1957.2141928874312	10285.270923062126	1028.5270923062126	505.66409486791423	2.0	0.0	8.0	0.0	0.0	0.0	4.0	1.0	2.0	3.0
1414	(1000, 5000]	13078	30323.672000000006	21.445312588401702	7.581191102931132	5012002.0	3544.5558698727014	482.717394407545	291093.27838072	205.86511908113155	181.78938147405142	0.0	117.0	1296.0	1.0	0.0	0.0	0.0	0.0	0.0	1414.0
2	(0, 12]	13264	7.129	3.5645	0.663973267534168	7517.0	3758.5	341.5325753131024	2164.246473633245	1082.1232368166225	297.386302913981	0.0	0.0	2.0	0.0	0.0	0.0	0.0	1.0	1.0	0.0
16	(12, 52]	13368	134.928	8.433	4.897174110307562	65724.04999999999	4107.753124999999	1228.9033414320738	12459.418062591745	778.7136289119841	631.9686169751022	0.0	3.0	13.0	0.0	0.0	0.0	1.0	7.0	8.0	0.0
1535	(1000, 5000]	13388	15252.984574024447	9.936797768094102	5.982239100203156	3057301.9300000025	1991.7276416938128	975.5712494955375	886639.9769512876	577.6156201637052	1077.420333526578	30.0	673.0	805.0	22.0	5.0	0.0	0.0	22.0	4.0	1509.0
132	(52, 365]	13483	1554.3210000000001	11.775159090909092	5.340973247830292	661324.26	5010.032272727272	2917.6043062766344	65637.05024631726	497.2503806539186	329.8275323077752	4.0	6.0	122.0	0.0	0.0	0.0	1.0	13.0	17.0	101.0
17	(12, 52]	13627	216.09199999999998	12.711294117647057	6.660931492335606	50336.5	2960.970588235294	1545.5640603695085	4363.797582951981	256.6939754677636	109.06916707206561	0.0	0.0	17.0	0.0	0.0	0.0	0.0	0.0	16.0	1.0
3	(0, 12]	13713	9.36	3.1199999999999997	1.4764948357512129	10870.5	3623.5	213.90827473475633	3971.14560200309	1323.7152006676968	539.140750892036	0.0	2.0	1.0	0.0	0.0	0.0	0.0	2.0	1.0	0.0
2	(0, 12]	14107	10.699	5.3495	2.4741666273717295	9049.5	4524.75	1449.2153480418292	1753.9520433237858	876.9760216618929	134.69846859692584	0.0	0.0	2.0	0.0	0.0	0.0	0.0	0.0	0.0	2.0
14	(12, 52]	14115	135.334	9.666714285714287	6.520225956780373	38765.0	2768.9285714285716	484.4294763765079	5700.385634484471	407.17040246317646	357.5523029228264	0.0	0.0	14.0	0.0	0.0	0.0	0.0	1.0	12.0	1.0
17	(12, 52]	14153	263.579	15.50464705882353	6.771828426846552	46332.5	2725.4411764705883	880.0405154443342	4186.920461859072	246.28943893288658	228.440210166319	0.0	0.0	17.0	0.0	0.0	0.0	0.0	0.0	0.0	17.0
69	(52, 365]	14308	727.7874000000003	10.547643478260873	4.396280038432168	334046.36	4841.251594202899	2414.677057828805	35196.08387955114	510.0881721674078	239.00568936149583	3.0	5.0	61.0	0.0	0.0	0.0	2.0	7.0	13.0	47.0
439	(365, 1000]	14322	8390.815000000006	19.11347380410024	6.86783129273048	1568719.0	3573.391799544419	910.0660051962587	99030.6201854805	225.58227832683485	158.62934245330024	20.0	90.0	328.0	1.0	0.0	0.0	0.0	0.0	4.0	435.0
8	(0, 12]	14360	52.02698000000001	6.503372500000001	3.9084821761751165	42971.0	5371.375	1745.0804064569631	9081.337197147894	1135.1671496434867	908.1153000178346	0.0	1.0	7.0	0.0	0.0	0.0	0.0	1.0	2.0	5.0
6	(0, 12]	14374	59.92400000000001	9.987333333333334	5.358695985654221	31807.36	5301.2266666666665	1382.468043589676	4022.3590645667036	670.3931774277839	313.49639689463737	0.0	0.0	6.0	0.0	0.0	0.0	0.0	0.0	6.0	0.0
347	(52, 365]	14379	3260.77191	9.397037204610951	5.405394394968582	1700916.06	4901.775389048991	2629.6311243000123	229330.2677393785	660.8941433411484	515.5498717548548	2.0	7.0	337.0	1.0	0.0	0.0	2.0	24.0	52.0	269.0
3	(0, 12]	14400	19.8	6.6000000000000005	5.021480956849284	11162.71	3720.903333333333	455.4970939899979	2500.1771234855364	833.3923744951788	605.4626496520143	0.0	0.0	3.0	0.0	0.0	0.0	0.0	1.0	2.0	0.0
2650	(1000, 5000]	14401	28140.3126492588	10.61898590538068	6.237977222776974	6932337.709999997	2615.9764943396217	1703.6507845120188	1390544.5090504144	524.7337770001564	996.1723105567771	94.0	938.0	1616.0	1.0	1.0	0.0	15.0	129.0	113.0	2393.0
14	(12, 52]	14409	99.49398999999998	7.10671357142857	2.4972238859600355	37787.299999999996	2699.0928571428567	0.026726124191231077	6959.925948093172	497.13756772094087	452.8739133020295	0.0	0.0	14.0	0.0	0.0	0.0	0.0	0.0	0.0	14.0
4	(0, 12]	14420	40.723	10.18075	1.4402556196731189	28861.5	7215.375	1315.912508173194	2835.851832523919	708.9629581309797	90.36296633768691	0.0	1.0	3.0	0.0	0.0	0.0	0.0	1.0	1.0	2.0
375	(365, 1000]	14428	3162.91026	8.43442736	5.015900886118717	1268945.14	3383.8537066666663	1872.234887988684	193480.67213024155	515.9484590139775	408.73920752600725	1.0	6.0	368.0	0.0	0.0	1.0	3.0	61.0	63.0	247.0
21	(12, 52]	14440	225.713	10.748238095238095	5.083842561535142	78262.0	3726.7619047619046	1715.9489766529161	17767.063601172515	846.0506476748817	1964.0668577672602	1.0	0.0	20.0	0.0	0.0	0.0	0.0	1.0	5.0	15.0
55	(52, 365]	14478	499.41873000000004	9.080340545454547	3.945887824475284	210264.03000000003	3822.982363636364	2403.528379257495	27088.996094118844	492.5272017112517	410.2292104298301	0.0	0.0	55.0	0.0	0.0	0.0	2.0	11.0	7.0	35.0
13	(12, 52]	14482	187.698	14.438307692307692	5.370057982067721	77470.48999999999	5959.2684615384605	2437.382700992488	5969.622473280052	459.2017287138502	200.74332489418993	0.0	0.0	13.0	0.0	0.0	0.0	0.0	0.0	8.0	5.0
86	(52, 365]	14573	946.3999999999999	11.004651162790696	5.861537782101095	516434.0	6005.046511627907	3278.4426895096785	50667.53361531653	589.1573676199597	233.50538141444534	0.0	1.0	85.0	0.0	0.0	0.0	0.0	3.0	0.0	83.0
840	(365, 1000]	14578	8836.795957666072	10.519995187697706	6.639230806773662	2985136.3999999906	3553.7338095237983	2725.916416822343	490192.46835295204	583.5624623249429	1128.6645686850286	20.0	133.0	684.0	1.0	2.0	0.0	2.0	74.0	56.0	708.0
71	(52, 365]	14582	607.1138448653408	8.550899223455504	5.656526091910787	222676.50999999992	3136.2888732394354	1197.622888047759	77603.65688395934	1093.0092518867511	3145.403337818065	0.0	1.0	70.0	0.0	0.0	0.0	1.0	10.0	5.0	55.0
2	(0, 12]	14590	4.3	2.15	0.6363961030678927	10500.0	5250.0	353.5533905932738	5056.561085972851	2528.2805429864256	583.9230206630998	0.0	0.0	2.0	0.0	0.0	0.0	0.0	0.0	2.0	0.0
73	(52, 365]	14591	697.5480800000001	9.555453150684933	5.324481452394338	266617.7699999999	3652.2982191780807	2166.227685907605	34137.004163475634	467.63019402021416	231.9226408306885	0.0	1.0	72.0	0.0	0.0	0.0	1.0	2.0	5.0	65.0
15	(12, 52]	14615	105.16581000000001	7.011054000000001	4.714043942248979	52475.240000000005	3498.3493333333336	1607.223907845302	10718.678258973641	714.5785505982427	584.2866153033602	0.0	0.0	15.0	0.0	0.0	0.0	0.0	12.0	0.0	3.0
30	(12, 52]	14702	386.6907	12.88969	5.613129677163639	127826.68000000001	4260.8893333333335	2406.1068528597916	12655.026650402646	421.8342216800882	297.4742256207908	0.0	3.0	27.0	0.0	0.0	0.0	4.0	2.0	3.0	21.0
18	(12, 52]	14712	188.82498	10.490276666666666	5.719025326988961	122387.75999999998	6799.319999999999	2498.551729530765	12928.252520218695	718.2362511232609	192.8328013320729	0.0	2.0	16.0	0.0	0.0	0.0	2.0	5.0	5.0	6.0
3	(0, 12]	14716	20.3	6.766666666666667	2.761038451983843	14698.0	4899.333333333333	1850.5405516587127	2188.228428480185	729.4094761600617	22.23852262087881	0.0	0.0	3.0	0.0	0.0	0.0	0.0	0.0	0.0	3.0
106	(52, 365]	14743	855.8251500000003	8.073822169811324	3.9691849288408254	374580.77999999997	3533.780943396226	2098.8132796318732	61877.343760517804	583.7485260426208	726.9760629807384	0.0	2.0	104.0	0.0	0.0	0.0	1.0	3.0	17.0	85.0
6	(0, 12]	14770	44.692	7.448666666666667	4.559858842844443	29070.0	4845.0	2461.584570962371	4265.647275325742	710.9412125542904	200.78396435766123	0.0	6.0	0.0	0.0	0.0	1.0	2.0	2.0	1.0	0.0
47	(12, 52]	14795	436.4807999999999	9.286825531914891	6.328425328333303	226900.25999999998	4827.665106382979	3256.5988369054962	29720.965232682058	632.3609623974905	516.5263244949667	0.0	1.0	46.0	0.0	0.0	0.0	0.0	4.0	2.0	41.0
20	(12, 52]	14818	228.84300000000005	11.442150000000002	8.086626342789355	128518.29000000001	6425.914500000001	3285.8839427665907	14664.88391383665	733.2441956918325	409.33962835330794	0.0	2.0	18.0	0.0	0.0	0.0	0.0	2.0	0.0	18.0
1111	(1000, 5000]	14831	9824.139331312685	8.84260965914733	5.198261760485767	4094122.8300000066	3685.0790549054964	2290.3895196285766	665797.3931336304	599.2775815784252	698.4699012507234	14.0	36.0	1016.0	42.0	3.0	3.0	15.0	69.0	106.0	918.0
1	(0, 12]	14862	20.0	20.0		9775.0	9775.0		488.75	488.75		0.0	0.0	1.0	0.0	0.0	0.0	0.0	0.0	0.0	1.0
96	(52, 365]	14896	1555.1200000000008	16.199166666666674	2.7187730307957776	189877.81999999995	1977.8939583333329	1012.6211545837285	13316.73347702001	138.71597371895845	126.14633133769709	0.0	7.0	89.0	0.0	0.0	0.0	0.0	0.0	8.0	88.0
143	(52, 365]	14905	1274.0329999999994	8.909321678321675	4.342791470350526	382140.5	2672.311188811189	802.2982191237496	53293.730841891476	372.68343246077956	215.7965090968976	0.0	0.0	141.0	2.0	0.0	0.0	0.0	0.0	0.0	143.0
1601	(1000, 5000]	14921	16313.802779999987	10.189758138663327	4.4046196370757755	4235772.75	2645.704403497814	1114.4366440641804	507943.95953606826	317.26668303314693	212.03626456902663	60.0	7.0	1530.0	4.0	0.0	0.0	3.0	20.0	48.0	1530.0
27	(12, 52]	15025	267.74454000000003	9.916464444444445	7.172750715856898	170805.43999999997	6326.127407407406	3200.0951608345754	21490.901064796453	795.959298696165	359.74425710008853	2.0	3.0	22.0	0.0	0.0	0.0	0.0	4.0	9.0	14.0
3	(0, 12]	15066	36.547	12.182333333333332	6.438872675657854	18216.0	6072.0	2575.6628273126125	1547.746054648393	515.9153515494644	50.669545152590565	0.0	0.0	3.0	0.0	0.0	0.0	0.0	0.0	0.0	3.0
3	(0, 12]	15213	17.595	5.864999999999999	0.5372773957649811	10915.98	3638.66	719.7254662716887	1893.3454064985262	631.1151354995087	180.44607911060905	0.0	0.0	3.0	0.0	0.0	0.0	0.0	0.0	3.0	0.0
6	(0, 12]	15348	24.718559842406165	4.119759973734361	2.4769259585481223	20796.0	3466.0	485.5446426437017	192346.7573670397	32057.79289450662	76679.75577198154	2.0	1.0	3.0	0.0	0.0	0.0	2.0	3.0	0.0	1.0
16	(12, 52]	15387	99.72699999999999	6.232937499999999	5.754297471962441	63954.599999999984	3997.162499999999	2603.704006954964	24717.230235775536	1544.826889735971	3279.6707216192985	0.0	2.0	14.0	0.0	0.0	0.0	0.0	14.0	1.0	1.0
1309	(1000, 5000]	15468	18688.283000000025	14.276763177998491	5.556990707815435	3496952.5700000003	2671.4687318563792	1392.9815803656538	300226.0676515631	229.3552846841582	222.1182280696983	1.0	590.0	714.0	4.0	0.0	0.0	3.0	12.0	17.0	1277.0
53	(52, 365]	15588	469.9542399999999	8.86706113207547	4.353194227892919	235958.08	4452.039245283018	2496.5205482137067	29302.23200307981	552.8723019449021	255.90020183968264	1.0	0.0	52.0	0.0	0.0	0.0	1.0	12.0	13.0	27.0
54	(52, 365]	15633	595.5662199999998	11.02900407407407	5.790311552747178	306799.82	5681.478148148149	2892.910225639196	31444.903056772873	582.3130195698681	223.71999505813355	0.0	3.0	51.0	0.0	0.0	1.0	2.0	1.0	16.0	34.0
4	(0, 12]	15645	28.631	7.15775	1.5686164551391566	17205.03	4301.2575	1070.0120491027192	2484.480800569352	621.120200142338	180.89343366691907	1.0	3.0	0.0	0.0	0.0	0.0	0.0	3.0	1.0	0.0
424	(365, 1000]	15647	3778.4922020303666	8.91153821233577	5.25160049024319	1547746.0	3650.3443396226417	2346.430549919251	245105.03802102973	578.0779198609192	572.3872730475825	20.0	7.0	397.0	0.0	0.0	0.0	0.0	2.0	12.0	410.0
5	(0, 12]	15768	27.599999999999998	5.52	5.0031989766548355	24700.0	4940.0	2082.7865949251736	5944.497553445359	1188.8995106890718	506.12534749814165	0.0	1.0	4.0	0.0	0.0	0.0	0.0	1.0	0.0	4.0
9	(0, 12]	15777	124.19778	13.799753333333333	7.346445837450922	54372.1	6041.344444444444	4449.939786531137	4162.154030609718	462.4615589566353	208.47404110529627	0.0	2.0	7.0	0.0	0.0	0.0	0.0	2.0	0.0	7.0
38	(12, 52]	15834	276.5899999999999	7.278684210526314	2.2190800151860253	117531.0	3092.9210526315787	1647.7980291741503	18872.89701502194	496.65518460584053	390.83358144003455	0.0	7.0	31.0	0.0	0.0	0.0	1.0	0.0	11.0	26.0
9	(0, 12]	15978	73.721	8.191222222222223	3.827280620028331	45327.29	5036.365555555556	1252.6541904403534	12536.532706523956	1392.9480785026617	2421.9606927809555	0.0	0.0	9.0	0.0	0.0	0.0	0.0	1.0	5.0	3.0
42	(12, 52]	16298	437.52000000000015	10.41714285714286	3.7353226821882046	113620.0	2705.2380952380954	670.4070408823106	19495.810433378836	464.1859626994961	1128.0134400067009	17.0	0.0	25.0	0.0	0.0	0.0	0.0	1.0	2.0	39.0
22	(12, 52]	16367	284.57699999999994	12.935318181818179	6.610834608978864	156816.06	7128.0027272727275	3740.4532516008344	14532.287308475294	660.5585140216043	438.51350700296825	0.0	4.0	18.0	0.0	0.0	0.0	0.0	1.0	5.0	16.0
111	(52, 365]	16477	1001.9620729999999	9.026685342342342	4.945866558097563	462119.32	4163.237117117117	2628.1192905824523	62966.84510632679	567.2688748317729	572.330228721455	1.0	4.0	106.0	0.0	0.0	0.0	0.0	3.0	5.0	103.0
16	(12, 52]	16512	124.86749999999998	7.804218749999999	4.5511810883504	77922.65	4870.165625	1930.9372393908222	12030.958541453281	751.9349088408301	326.0216536764131	0.0	1.0	15.0	0.0	0.0	0.0	0.0	0.0	13.0	3.0
34	(12, 52]	16579	424.89599999999996	12.496941176470587	4.901797134516084	98578.5	2899.3676470588234	1274.5068405062902	11605.178719724205	341.3287858742413	533.3554436592456	0.0	0.0	34.0	0.0	0.0	0.0	0.0	0.0	1.0	33.0
2	(0, 12]	16613	30.778	15.389	2.2217295064881326	8056.95	4028.475	1455.8975071240418	542.8685017764633	271.43425088823165	133.79368324088173	0.0	0.0	2.0	0.0	0.0	0.0	0.0	0.0	0.0	2.0
48	(12, 52]	16648	348.0086000000001	7.250179166666669	3.8238853751269697	154684.97	3222.603541666667	1548.4551122197665	24282.445367872137	505.8842784973362	183.56590499906622	0.0	0.0	48.0	0.0	0.0	0.0	0.0	0.0	0.0	48.0
51	(12, 52]	16659	474.8	9.309803921568628	6.136782704380556	258257.0	5063.862745098039	1890.656573993361	64591.20629195454	1266.4942410187166	2133.1710759976822	0.0	0.0	49.0	2.0	0.0	0.0	8.0	2.0	6.0	35.0
28	(12, 52]	16772	170.24800000000002	6.080285714285715	2.1474630140762367	84285.72999999998	3010.204642857142	862.7256008354595	14530.54318652428	518.9479709472957	131.7217507841969	0.0	0.0	28.0	0.0	0.0	0.0	0.0	0.0	0.0	28.0
24	(12, 52]	16773	240.49700000000004	10.020708333333335	7.337424607296052	125462.40000000001	5227.6	2784.0609904098255	18671.022192762175	777.9592580317573	979.2772499471569	3.0	0.0	21.0	0.0	0.0	0.0	0.0	0.0	14.0	10.0
29	(12, 52]	16777	291.91597	10.066067931034484	4.1580546677806804	96687.07	3334.0368965517246	2383.071777770843	11829.233339791233	407.90459792383564	362.23697326621874	3.0	1.0	25.0	0.0	0.0	0.0	2.0	1.0	4.0	22.0
149	(52, 365]	16901	1243.8266399999995	8.347829798657715	3.9377119141715706	536517.41	3600.7879865771815	1775.4155521941746	89376.72950960959	599.8438222121449	631.5950071077104	0.0	4.0	142.0	3.0	0.0	0.0	1.0	8.0	21.0	119.0
62	(52, 365]	17019	472.574409	7.622167887096774	6.976336387701051	313700.92000000004	5059.692258064517	2727.843786382023	158047.41070776674	2549.151785609141	8645.431141020015	0.0	2.0	59.0	1.0	0.0	0.0	26.0	7.0	25.0	4.0
603	(365, 1000]	17140	6772.642600000003	11.231579767827533	3.8132285696036883	1665082.1800000002	2761.330315091211	2166.380039682853	183936.4940843686	305.0356452477091	465.6417795692361	20.0	351.0	232.0	0.0	0.0	1.0	4.0	16.0	23.0	559.0
106	(52, 365]	17210	1154.6	10.89245283018868	5.813427775224684	367059.0	3462.8207547169814	2605.191837547148	39857.56707767728	376.0147837516725	258.41571722054795	0.0	1.0	105.0	0.0	0.0	0.0	1.0	3.0	7.0	95.0
1	(0, 12]	17218	10.861	10.861		6930.5	6930.5		638.1088297578491	638.1088297578491		0.0	0.0	1.0	0.0	0.0	0.0	0.0	0.0	0.0	1.0
1	(0, 12]	17278	2.418	2.418		4000.0	4000.0		1654.2597187758474	1654.2597187758474		0.0	0.0	1.0	0.0	0.0	0.0	0.0	0.0	1.0	0.0
2	(0, 12]	17299	12.767	6.3835	3.1671312729345455	6040.99	3020.495	30.398520523209523	1081.8617380136716	540.9308690068358	273.1413162450723	0.0	0.0	2.0	0.0	0.0	0.0	0.0	0.0	0.0	2.0
15	(12, 52]	17458	140.239	9.349266666666667	2.522234849908953	42775.5	2851.7	775.7574132972976	5211.993869437777	347.46625796251845	196.46646948607864	0.0	0.0	15.0	0.0	0.0	0.0	1.0	0.0	0.0	14.0
14	(12, 52]	17472	118.41464	8.458188571428572	7.541326870761851	80267.51	5733.393571428571	3748.823617369561	11862.681937470687	847.334424105049	352.8310285725502	0.0	0.0	14.0	0.0	0.0	0.0	0.0	0.0	3.0	11.0
1736	(1000, 5000]	17493	23704.16917555413	13.654475331540397	7.387434436059218	3776302.0500000017	2175.289199308757	1199.1441329245504	522869.9419734548	301.1923628879348	552.992381594976	1.0	889.0	843.0	3.0	0.0	0.0	0.0	5.0	2.0	1729.0
68	(52, 365]	17556	861.1616999999997	12.664142647058819	5.473619032416733	245597.46	3611.7273529411764	2096.89639498696	24636.829448511762	362.3063154192906	331.96835058013124	0.0	0.0	68.0	0.0	0.0	0.0	0.0	2.0	7.0	59.0
51	(12, 52]	17560	361.06963999999994	7.079796862745097	4.340297086295125	168468.12	3303.296470588235	2043.3585142101947	27991.662006565737	548.8561177757988	282.77762210574264	0.0	0.0	51.0	0.0	0.0	0.0	0.0	2.0	2.0	47.0
48	(12, 52]	17631	601.5944999999999	12.533218749999998	4.6152489892794755	211696.63999999996	4410.346666666665	2212.327398673299	20364.886456490436	424.26846784355075	270.0760923045909	0.0	1.0	47.0	0.0	0.0	0.0	0.0	0.0	22.0	26.0
10	(0, 12]	17658	105.83084000000001	10.583084000000001	5.526985697601663	53320.84	5332.084	1861.9911301805685	5851.143467745211	585.1143467745211	253.4974001150543	0.0	1.0	9.0	0.0	0.0	0.0	0.0	1.0	1.0	8.0
4	(0, 12]	17671	33.0	8.25	3.1096623610932426	24046.0	6011.5	2126.1761451018115	2965.281832682124	741.320458170531	101.03005395973786	0.0	3.0	1.0	0.0	0.0	0.0	0.0	0.0	4.0	0.0
1	(0, 12]	17765	2.074	2.074		3500.0	3500.0		1687.5602700096433	1687.5602700096433		0.0	0.0	1.0	0.0	0.0	0.0	0.0	0.0	1.0	0.0
87	(52, 365]	17831	745.2000000000002	8.565517241379313	5.601761093230369	436634.0	5018.781609195402	2461.9849924225086	62103.94324430052	713.8384280954083	321.5621670073499	0.0	1.0	86.0	0.0	0.0	0.0	0.0	2.0	11.0	74.0
388	(365, 1000]	17836	4013.94573	10.345220953608248	5.614670728555509	1607038.7799999993	4141.852525773194	2712.4479766932864	197174.2816073525	508.1811381632796	637.3841556920756	0.0	16.0	372.0	0.0	0.0	0.0	4.0	13.0	40.0	331.0
1339	(1000, 5000]	17890	28657.499999999953	21.402165795369644	5.334582980410271	4871898.0	3638.4600448095593	583.6145723571007	257632.06492723463	192.40632182765842	137.63693969850863	3.0	57.0	1267.0	12.0	0.0	0.0	0.0	18.0	1.0	1320.0
22	(12, 52]	17904	250.61	11.391363636363637	1.8654108074414821	78437.0	3565.318181818182	1967.6435843139316	7208.701428262667	327.6682467392121	195.76532152691462	0.0	1.0	21.0	0.0	0.0	0.0	0.0	0.0	2.0	20.0
698	(365, 1000]	17941	12456.100000000015	17.84541547277939	8.915249805553817	2455375.0	3517.7292263610316	851.6888663953081	193706.39963514375	277.5163318555068	210.94513766895568	3.0	37.0	638.0	11.0	9.0	0.0	0.0	23.0	1.0	674.0
3	(0, 12]	18223	16.1	5.366666666666667	2.916047553338822	10998.0	3666.0	763.6537173352854	2815.1086519114688	938.3695506371563	711.4725620034158	0.0	0.0	3.0	0.0	0.0	0.0	0.0	0.0	0.0	3.0
11	(0, 12]	18258	103.51465999999999	9.410423636363635	5.552892288721749	60515.869999999995	5501.442727272727	2254.6665566069446	8086.20380603682	735.1094369124382	370.4463545610739	0.0	3.0	8.0	0.0	0.0	0.0	0.0	3.0	4.0	4.0
2096	(1000, 5000]	18383	18426.184922624845	8.791118760794296	4.558337340433928	6675867.199999996	3185.0511450381664	1893.1564810858233	1261183.2143339342	601.7095488234419	1123.1807289779008	216.0	423.0	1447.0	7.0	3.0	2.0	27.0	99.0	191.0	1777.0
63	(52, 365]	18485	571.05472	9.064360634920634	5.206598006507449	298703.6499999999	4741.327777777777	2951.8571314193227	39029.44322431076	619.5149718144564	409.51088679238967	1.0	9.0	53.0	0.0	0.0	0.0	0.0	9.0	17.0	37.0
22	(12, 52]	18498	229.32310999999999	10.423777727272727	6.34072637638993	133593.03999999998	6072.410909090908	3324.6920187187966	18313.73898995791	832.4426813617232	964.2590507671542	0.0	3.0	19.0	0.0	0.0	0.0	2.0	3.0	4.0	13.0
1	(0, 12]	18508	13.613	13.613		8306.5	8306.5		610.1887901270843	610.1887901270843		0.0	0.0	1.0	0.0	0.0	0.0	0.0	0.0	0.0	1.0
2	(0, 12]	18584	10.3	5.15	2.3334523779156062	6748.0	3374.0	530.3300858899106	1408.1806722689078	704.0903361344539	216.04488994765612	0.0	0.0	2.0	0.0	0.0	0.0	0.0	0.0	0.0	2.0
56	(52, 365]	18604	600.27677	10.719228035714286	5.01812780303224	197121.33999999997	3520.023928571428	1808.2455729741603	26382.909103252998	471.12337684380356	444.71348904255814	6.0	5.0	45.0	0.0	0.0	0.0	0.0	2.0	21.0	33.0
17	(12, 52]	18761	210.57800000000003	12.38694117647059	4.861406399780163	54770.31	3221.7829411764706	1205.051539228534	6009.283088018084	353.487240471652	304.0795766777628	0.0	0.0	17.0	0.0	0.0	0.0	0.0	0.0	0.0	17.0
1211	(1000, 5000]	18767	9001.791879236102	7.4333541529612726	4.448743796443696	3552239.139999999	2933.3106028075963	1427.2935344349169	830347.5864988005	685.6710045407106	1146.853580914771	320.0	35.0	855.0	1.0	0.0	1.0	0.0	37.0	19.0	1154.0
118	(52, 365]	18806	1116.0927200000003	9.458412881355935	4.842991274901931	555153.9400000002	4704.694406779662	2941.7825575647807	69849.08143480142	591.9413680915375	378.9660247483088	0.0	10.0	108.0	0.0	0.0	0.0	3.0	17.0	27.0	71.0
11	(0, 12]	18816	137.61681	12.51061909090909	7.742280649654151	75859.34999999999	6896.3045454545445	4864.036999294647	6308.543102386129	573.5039183987391	246.54384521238717	0.0	1.0	10.0	0.0	0.0	0.0	4.0	2.0	2.0	3.0
23	(12, 52]	18941	221.2948	9.621513043478261	6.658292489226863	69301.49	3013.1082608695656	848.5341225776699	9415.290640137278	409.3604626146643	208.40012531460877	0.0	0.0	23.0	0.0	0.0	0.0	0.0	0.0	2.0	21.0
466	(365, 1000]	18989	5374.564409999999	11.533400021459226	4.388117472833131	1282882.0899999999	2752.9658583690984	2091.929601722591	139432.30923579386	299.2109640253087	467.85585716566266	4.0	13.0	447.0	2.0	0.0	0.0	0.0	20.0	18.0	428.0
4	(0, 12]	19087	29.607	7.40175	0.9411101157675443	13365.07	3341.2675	684.5349999999999	1859.4057268792733	464.8514317198183	157.41435044908621	0.0	0.0	4.0	0.0	0.0	0.0	0.0	4.0	0.0	0.0
38	(12, 52]	19094	410.8077900000001	10.810731315789477	6.828097017583747	232701.77	6123.730789473684	3108.460272757265	28177.104877742393	741.5027599405893	442.03534788419904	0.0	5.0	30.0	3.0	0.0	0.0	2.0	6.0	8.0	22.0
70	(52, 365]	19240	873.6879300000003	12.481256142857147	7.010218606788256	302736.97000000003	4324.813857142857	2228.043108236523	36414.079949138744	520.2011421305535	425.5515915421442	3.0	8.0	58.0	1.0	0.0	0.0	1.0	1.0	25.0	43.0
46	(12, 52]	19448	521.2559999999997	11.331652173913039	6.013895384736146	276155.5199999999	6003.380869565215	2688.388795608772	32743.67016225015	711.8189165706555	518.0130240324514	0.0	4.0	42.0	0.0	0.0	0.0	0.0	8.0	10.0	28.0
4	(0, 12]	19686	32.007999999999996	8.001999999999999	3.125781822200648	13041.74	3260.435	311.1202027619979	1849.2649709321333	462.31624273303333	197.23976292694203	0.0	0.0	4.0	0.0	0.0	0.0	0.0	0.0	0.0	4.0
2	(0, 12]	19755	11.73	5.865	3.6755410486076743	9232.0	4616.0	1578.262335608374	1748.8684469767563	874.4342234883782	278.90137205976737	0.0	0.0	2.0	0.0	0.0	0.0	0.0	2.0	0.0	0.0
2	(0, 12]	19764	23.596999999999998	11.798499999999999	7.602105004536572	13856.2	6928.1	4467.35922218037	1174.1699146907872	587.0849573453936	0.36256556823435315	0.0	0.0	2.0	0.0	0.0	0.0	0.0	0.0	0.0	2.0
122	(52, 365]	19840	964.7011599999995	7.907386557377045	4.134479708595713	496624.43	4070.692049180328	1708.3556317877885	85014.65980658286	696.8414738244496	611.2734685522983	1.0	3.0	118.0	0.0	0.0	0.0	4.0	8.0	6.0	104.0
58	(52, 365]	19879	472.9670000000001	8.154603448275864	3.7458224494020054	200257.1300000001	3452.709137931036	1885.1144303377619	37840.39876081201	652.4206682898622	1099.516985957875	0.0	0.0	53.0	5.0	0.0	0.0	0.0	8.0	3.0	47.0
2	(0, 12]	19927	39.274	19.637	0.45679098064651025	22637.0	11318.5	228.39549032325485	1152.8141713685213	576.4070856842607	1.7773625094493308	0.0	2.0	0.0	0.0	0.0	0.0	0.0	2.0	0.0	0.0
6	(0, 12]	19965	36.94471	6.157451666666667	4.662104333883645	27087.5	4514.583333333333	2354.9985226463873	5246.567870936848	874.4279784894746	294.2006865614053	0.0	0.0	6.0	0.0	0.0	0.0	0.0	0.0	0.0	6.0
327	(52, 365]	19993	3816.84159	11.672298440366973	5.94613851420582	1864981.0600000003	5703.305993883793	3043.486891319646	192782.66572912264	589.5494364804974	372.7430393701169	1.0	16.0	310.0	0.0	0.0	1.0	2.0	40.0	37.0	247.0
2	(0, 12]	20029	9.443999999999999	4.7219999999999995	0.06363961030679012	7722.0	3861.0	31.81980515339464	1635.381719494714	817.690859747357	4.281601548570886	0.0	2.0	0.0	0.0	0.0	0.0	0.0	2.0	0.0	0.0
1	(0, 12]	20077	3.024	3.024		6000.0	6000.0		1984.1269841269839	1984.1269841269839		0.0	0.0	1.0	0.0	0.0	0.0	0.0	1.0	0.0	0.0
2	(0, 12]	20115	5.139000000000001	2.5695000000000006	0.01626345596729084	8000.0	4000.0	707.1067811865476	3115.2504060011524	1557.6252030005762	285.05123568363103	0.0	0.0	2.0	0.0	0.0	0.0	0.0	0.0	0.0	2.0
20	(12, 52]	20179	80.38099999999999	4.019049999999999	4.292758302009757	68322.5	3416.125	1691.2461605744727	32328.06908564559	1616.4034542822797	1581.9007749384616	15.0	0.0	5.0	0.0	0.0	0.0	0.0	0.0	0.0	20.0
1	(0, 12]	20211	2.5810000000000004	2.5810000000000004		3500.0	3500.0		1356.063541263076	1356.063541263076		0.0	0.0	1.0	0.0	0.0	0.0	0.0	0.0	0.0	1.0
5	(0, 12]	20337	51.442	10.2884	5.526751876102273	36264.2	7252.839999999999	2082.1699085329224	7398.893147522024	1479.7786295044048	2021.8072301241934	0.0	0.0	4.0	1.0	0.0	0.0	0.0	1.0	1.0	3.0
8	(0, 12]	20361	78.94800000000001	9.868500000000001	5.684894822497347	60074.0	7509.25	4241.334880839825	6379.70174126846	797.4627176585575	205.0601163315859	0.0	8.0	0.0	0.0	0.0	0.0	0.0	8.0	0.0	0.0
2	(0, 12]	20407	24.198	12.099	1.015405337783883	15099.0	7549.5	507.70266889194113	1248.8306785075895	624.4153392537947	10.441524058227904	0.0	2.0	0.0	0.0	0.0	0.0	0.0	2.0	0.0	0.0
1	(0, 12]	20454	8.487	8.487		5743.5	5743.5		676.740897843761	676.740897843761		0.0	0.0	1.0	0.0	0.0	0.0	0.0	0.0	0.0	1.0
2	(0, 12]	20466	22.357	11.1785	0.29062088706767136	14178.5	7089.25	145.31044353383552	1268.4630498202991	634.2315249101496	3.489778131398079	0.0	2.0	0.0	0.0	0.0	0.0	0.0	2.0	0.0	0.0
4	(0, 12]	20468	39.275	9.81875	6.653090779229355	28735.5	7183.875	3748.289662743974	3473.850126464963	868.4625316162408	328.8748473433927	0.0	2.0	2.0	0.0	0.0	0.0	0.0	2.0	0.0	2.0
155	(52, 365]	20526	1523.5000000000005	9.829032258064519	4.666333800245787	508044.0	3277.7032258064514	1529.7304922389533	67533.87672214102	435.70243046542595	300.14694338730914	0.0	0.0	155.0	0.0	0.0	0.0	0.0	3.0	4.0	148.0
2	(0, 12]	20554	8.61	4.305	1.6051323932934636	5998.0	2999.0	0.0	1497.3435470402671	748.6717735201336	279.144556474247	0.0	0.0	2.0	0.0	0.0	0.0	0.0	0.0	0.0	2.0
1090	(1000, 5000]	20555	10095.37455920436	9.261811522205834	7.0304105450652346	2225897.94	2042.1082018348623	1109.2279619496026	702390.25048735	644.3947252177524	1224.875943481816	17.0	771.0	298.0	4.0	0.0	0.0	5.0	22.0	7.0	1056.0
1	(0, 12]	20586	8.84	8.84		7920.0	7920.0		895.9276018099547	895.9276018099547		0.0	0.0	1.0	0.0	0.0	0.0	1.0	0.0	0.0	0.0
9	(0, 12]	20607	92.47399999999999	10.274888888888889	5.862024745010133	52148.55	5794.283333333334	2572.5689757516707	6193.913266649785	688.2125851833094	279.48422970448473	0.0	0.0	9.0	0.0	0.0	0.0	1.0	0.0	0.0	8.0
3	(0, 12]	20639	41.637	13.879	6.366782782536246	20216.5	6738.833333333333	578.8005557472569	1647.299294944573	549.0997649815243	210.56377632441766	0.0	0.0	3.0	0.0	0.0	0.0	0.0	0.0	1.0	2.0
4	(0, 12]	20681	19.676000000000002	4.9190000000000005	3.9843755679738155	13617.24	3404.31	476.6474424561616	3953.527147764045	988.3817869410112	546.5408571139801	0.0	0.0	4.0	0.0	0.0	0.0	0.0	0.0	0.0	4.0
1	(0, 12]	20694	7.687	7.687		5343.5	5343.5		695.1346429036032	695.1346429036032		0.0	0.0	1.0	0.0	0.0	0.0	0.0	0.0	0.0	1.0
1	(0, 12]	20811	16.454	16.454		9727.0	9727.0		591.1632429804303	591.1632429804303		0.0	0.0	1.0	0.0	0.0	0.0	0.0	0.0	0.0	1.0
34	(12, 52]	20828	280.8599999999999	8.260588235294115	3.500173641732883	117852.31	3466.244411764706	1300.4322589634085	18788.23980203424	552.5952882951248	427.00661070647413	0.0	0.0	34.0	0.0	0.0	0.0	0.0	0.0	0.0	34.0
1154	(1000, 5000]	20881	12424.225000000002	10.766226169844023	4.593776764378637	4709458.649999999	4080.9866984402074	3685.37396930179	558541.7713153949	484.0050011398569	816.5279975944067	3.0	377.0	773.0	1.0	0.0	1.0	4.0	30.0	120.0	999.0
2	(0, 12]	21032	14.6	7.3	0.9899494936611668	13600.0	6800.0	212.13203435596427	1884.280303030303	942.1401515151515	156.82235620633466	0.0	0.0	2.0	0.0	0.0	0.0	0.0	0.0	0.0	2.0
13	(12, 52]	21048	134.58999999999997	10.353076923076921	5.9906909932764085	93301.5	7177.038461538462	2779.149678570306	10665.632139807778	820.4332415236752	314.3021944660901	0.0	4.0	9.0	0.0	0.0	0.0	0.0	6.0	0.0	7.0
9	(0, 12]	21049	48.123000000000005	5.347	4.959401904463885	38787.0	4309.666666666667	1494.5731832198783	25858.040944924483	2873.1156605471647	5542.091938211856	0.0	1.0	8.0	0.0	0.0	0.0	0.0	0.0	7.0	2.0
3	(0, 12]	21156	29.400000000000002	9.8	2.7404379212089447	20700.0	6900.0	1361.06575888162	2156.039364336116	718.6797881120386	86.93831372531237	0.0	1.0	2.0	0.0	0.0	0.0	0.0	1.0	0.0	2.0
24	(12, 52]	21171	146.882	6.1200833333333335	2.083923096233278	80112.42999999998	3338.0179166666658	853.7143795967442	14461.546683722396	602.5644451550999	249.1849397918909	0.0	1.0	22.0	1.0	0.0	0.0	0.0	1.0	0.0	23.0
2251	(1000, 5000]	21182	28791.805250222675	12.790673145367691	8.387235726540034	5749897.62999998	2554.3747800977258	1212.8828738874568	1197367.5951483303	531.9269636376412	1258.233178675901	43.0	595.0	1595.0	18.0	0.0	0.0	2.0	30.0	28.0	2191.0
206	(52, 365]	21193	2125.5379999999996	10.318145631067958	6.322084901410243	965269.0	4685.771844660194	2663.3899509118146	127807.1706190575	620.4231583449393	478.2411402842535	13.0	13.0	180.0	0.0	0.0	0.0	1.0	7.0	28.0	170.0
4	(0, 12]	21194	46.929	11.73225	0.6110888506046676	18097.0	4524.25	2242.688174936498	1559.4606449442483	389.8651612360621	201.53661059873082	0.0	0.0	4.0	0.0	0.0	0.0	0.0	0.0	0.0	4.0
4	(0, 12]	21208	37.272	9.318	6.660266110799678	26236.0	6559.0	2778.5222991127257	4189.0517612414005	1047.2629403103501	787.1458789366425	0.0	2.0	2.0	0.0	0.0	0.0	0.0	2.0	0.0	2.0
1	(0, 12]	21210	13.0	13.0		8500.0	8500.0		653.8461538461537	653.8461538461537		0.0	1.0	0.0	0.0	0.0	0.0	0.0	1.0	0.0	0.0
40	(12, 52]	21216	309.15494999999993	7.728873749999998	2.772267962429176	114002.40000000005	2850.0600000000013	427.573214483309	17755.46775535175	443.8866938837938	230.257873212706	0.0	2.0	31.0	7.0	0.0	0.0	0.0	0.0	0.0	40.0
894	(365, 1000]	21248	9480.802124141863	10.604924076221323	5.971178555961918	3542564.5	3962.6001118568233	2781.7916295038326	533156.1287425567	596.3715086605779	807.2472592679022	55.0	216.0	623.0	0.0	0.0	2.0	4.0	34.0	57.0	797.0
1	(0, 12]	21295	0.6	0.6		3500.0	3500.0		5833.333333333334	5833.333333333334		0.0	0.0	1.0	0.0	0.0	0.0	0.0	0.0	1.0	0.0
7	(0, 12]	21407	46.265	6.609285714285714	2.943258438889667	25926.5	3703.785714285714	947.1898726031148	4526.738984158061	646.6769977368658	260.651480920004	0.0	0.0	7.0	0.0	0.0	0.0	0.0	0.0	0.0	7.0
8	(0, 12]	21436	71.332	8.9165	8.398875877163563	48133.94	6016.7425	3288.836112260254	9374.563632767728	1171.820454095966	928.7404549277655	0.0	0.0	8.0	0.0	0.0	0.0	0.0	0.0	1.0	7.0
925	(365, 1000]	21452	8130.872800424152	8.7901327572153	6.419972136228418	2681896.059999992	2899.3470918918833	1880.3591925968913	692896.0617689652	749.0768235340164	1349.091078192734	89.0	286.0	527.0	23.0	0.0	0.0	0.0	13.0	31.0	881.0
4	(0, 12]	21467	21.7	5.425	2.24258035902098	16798.0	4199.5	836.8195743408492	3389.5983061101033	847.3995765275258	258.0607631364801	0.0	0.0	4.0	0.0	0.0	0.0	0.0	0.0	1.0	3.0
3	(0, 12]	21530	55.196	18.398666666666667	16.847090708289468	19482.49	6494.163333333334	5084.470703685226	1247.5885881597746	415.86286271992486	194.29115908276654	0.0	0.0	3.0	0.0	0.0	0.0	0.0	3.0	0.0	0.0
2	(0, 12]	21625	16.3	8.15	2.7577164466275352	10498.0	5249.0	1909.1883092036783	1450.3944426700734	725.1972213350367	479.6413022733617	0.0	0.0	2.0	0.0	0.0	0.0	0.0	0.0	0.0	2.0
18	(12, 52]	21650	183.53	10.196111111111112	2.2046575267958324	901689.5	50093.86111111111	11031.94159995734	98547.84783137162	5474.880435076201	3413.58150332781	0.0	5.0	1.0	4.0	8.0	0.0	0.0	18.0	0.0	0.0
8	(0, 12]	21682	56.10000000000001	7.012500000000001	5.288650246383421	43850.0	5481.25	2315.9289250135216	9712.562620854853	1214.0703276068566	1139.8312993358704	0.0	2.0	6.0	0.0	0.0	0.0	0.0	6.0	1.0	1.0
5	(0, 12]	21770	69.10000000000001	13.820000000000002	7.972891570816701	39050.5	7810.1	1988.212023401931	3229.6202050423462	645.9240410084692	207.49718977146267	0.0	0.0	5.0	0.0	0.0	1.0	0.0	0.0	0.0	4.0
3	(0, 12]	21792	13.983	4.6610000000000005	2.503430246681541	15838.0	5279.333333333333	2217.6023839573527	4015.095897346029	1338.3652991153429	693.364926151414	0.0	0.0	3.0	0.0	0.0	0.0	0.0	0.0	2.0	1.0
162	(52, 365]	21976	1563.9646574938035	9.654102824035824	6.39150056554274	694855.0	4289.228395061728	3399.589033483314	116686.12370669913	720.2847142388836	844.4436639736215	7.0	4.0	149.0	1.0	1.0	2.0	0.0	19.0	10.0	131.0
2	(0, 12]	22029	13.8	6.9	1.4142135623730951	9900.0	4950.0	707.1067811865476	1444.1107058571124	722.0553529285562	45.51212923320411	1.0	1.0	0.0	0.0	0.0	0.0	0.0	1.0	1.0	0.0
5	(0, 12]	22128	25.0	5.0	2.1365860619221495	17446.0	3489.2	502.99622264983265	4284.618244739757	856.9236489479514	499.42362937441175	0.0	0.0	5.0	0.0	0.0	0.0	0.0	0.0	0.0	5.0
1	(0, 12]	22143	6.1	6.1		4550.0	4550.0		745.9016393442622	745.9016393442622		0.0	0.0	1.0	0.0	0.0	0.0	0.0	0.0	0.0	1.0
8	(0, 12]	22190	55.239999999999995	6.904999999999999	4.309746429398635	35016.0	4377.0	1865.7274337755925	6716.272240850408	839.534030106301	622.3243883296202	0.0	0.0	8.0	0.0	0.0	0.0	0.0	3.0	0.0	5.0
6	(0, 12]	22218	50.815999999999995	8.469333333333333	3.245152056016276	33446.5	5574.416666666667	2336.666908582964	4095.081626768929	682.5136044614882	193.43629798525495	0.0	0.0	6.0	0.0	0.0	0.0	0.0	1.0	3.0	2.0
407	(365, 1000]	22233	5000.900000000002	12.287223587223593	2.695678699670283	715374.0	1757.6756756756756	939.252759789079	103687.2338676895	254.75978837270148	1274.2145192330834	0.0	377.0	30.0	0.0	0.0	0.0	0.0	0.0	1.0	406.0
14	(12, 52]	22328	158.016	11.286857142857142	5.59820464156065	80091.0	5720.785714285715	2436.180180862322	8051.398714405286	575.0999081718062	215.98443797943474	0.0	0.0	14.0	0.0	0.0	0.0	0.0	0.0	2.0	12.0
3	(0, 12]	22353	18.5	6.166666666666667	5.159780357082396	16150.0	5383.333333333333	2704.7797199279157	3375.352360817477	1125.1174536058256	604.3086917084847	0.0	0.0	3.0	0.0	0.0	0.0	0.0	0.0	0.0	3.0
3	(0, 12]	22382	24.1	8.033333333333333	6.4694152234443365	17100.0	5700.0	3025.3099014811687	2559.173055546006	853.0576851820019	316.22921602231565	0.0	3.0	0.0	0.0	0.0	0.0	0.0	3.0	0.0	0.0
5	(0, 12]	22387	39.4	7.88	5.160620117776545	18396.0	3679.2	535.8733059222114	3359.2557394510786	671.8511478902158	467.4395802221969	0.0	0.0	5.0	0.0	0.0	0.0	0.0	0.0	0.0	5.0
2	(0, 12]	22640	17.9	8.95	0.9192388155425116	8348.0	4174.0	1378.8582233137677	953.5906124497992	476.7953062248996	203.0331816608015	0.0	0.0	2.0	0.0	0.0	0.0	0.0	0.0	0.0	2.0
1	(0, 12]	22694	1.0	1.0		5905.0	5905.0		5905.0	5905.0		0.0	0.0	1.0	0.0	0.0	0.0	0.0	0.0	1.0	0.0
272	(52, 365]	22736	3185.699999999999	11.712132352941172	6.015628466103659	959385.5	3527.1525735294117	2084.3827379399727	98842.64516130836	363.3920777989278	289.5479569685701	8.0	2.0	261.0	1.0	0.0	0.0	0.0	11.0	2.0	259.0
13	(12, 52]	22776	129.3	9.946153846153846	5.642046818991518	74244.0	5711.076923076923	2200.7993040990987	11679.17681075978	898.3982162122908	815.3850314688808	0.0	0.0	13.0	0.0	0.0	0.0	0.0	2.0	4.0	7.0
17	(12, 52]	22818	113.19500000000001	6.6585294117647065	3.563303122063275	84430.0	4966.470588235294	1666.927229877142	15597.130458060525	917.4782622388544	451.551266170236	0.0	1.0	16.0	0.0	0.0	1.0	0.0	1.0	7.0	8.0
1692	(1000, 5000]	22867	28007.54196092577	16.55292078068899	7.760173394567783	5785879.0	3419.550236406619	1023.9989734047334	739051.9322955299	436.79192216047863	1003.4814103200322	30.0	158.0	1498.0	5.0	1.0	0.0	1.0	25.0	31.0	1635.0
73	(52, 365]	23191	542.9	7.4369863013698625	4.861512877504602	330486.0	4527.2054794520545	2238.9691077648017	60096.151280167156	823.2349490433857	792.5334377506111	0.0	3.0	69.0	1.0	0.0	0.0	1.0	5.0	7.0	60.0
3	(0, 12]	23281	51.4	17.133333333333333	6.809062588442944	15297.0	5099.0	1389.2443989449805	977.3327319133955	325.7775773044652	154.70097475436927	0.0	0.0	3.0	0.0	0.0	0.0	0.0	0.0	0.0	3.0
129	(52, 365]	23421	1357.5000000000002	10.52325581395349	4.936637766928061	672943.0	5216.612403100775	4942.5331124176555	71006.48034645354	550.4378321430506	393.31476928250476	0.0	3.0	118.0	5.0	3.0	0.0	0.0	9.0	8.0	112.0
33	(12, 52]	23508	123.80000000000001	3.751515151515152	3.182385230856842	89766.0	2720.181818181818	711.7184070326488	38753.98442638016	1174.3631644357624	847.7259647636333	0.0	0.0	33.0	0.0	0.0	0.0	0.0	2.0	0.0	31.0
6	(0, 12]	23523	31.3	5.216666666666667	2.005409351396035	22444.0	3740.6666666666665	510.31036307982873	4705.353037998844	784.2255063331407	222.83234815425033	0.0	0.0	6.0	0.0	0.0	0.0	0.0	0.0	0.0	6.0
547	(365, 1000]	23536	11932.967288173793	21.815296687703462	7.396595470790697	2068118.0	3780.837294332724	1074.600239597769	120120.33357680049	219.5984160453391	203.98533307224494	19.0	3.0	524.0	1.0	0.0	0.0	0.0	5.0	1.0	541.0
246	(52, 365]	23630	2208.366000000001	8.977097560975613	4.912533372648147	1297809.5	5275.6483739837395	2380.7323173071795	178772.33697517173	726.7168169722428	560.4115273510462	0.0	10.0	230.0	5.0	1.0	0.0	1.0	20.0	11.0	214.0
73	(52, 365]	23672	613.1729999999999	8.3996301369863	4.316428112799754	267224.5	3660.609589041096	2143.256242533024	52898.602541284126	724.6383909764949	1149.427855619321	18.0	2.0	53.0	0.0	0.0	0.0	0.0	4.0	5.0	64.0
1	(0, 12]	23796	2.8	2.8		3500.0	3500.0		1250.0	1250.0		0.0	0.0	1.0	0.0	0.0	0.0	0.0	0.0	1.0	0.0
83	(52, 365]	23850	811.334	9.775108433734939	5.106846807705029	339355.0	4088.614457831325	2018.7374273946648	52066.07127561189	627.302063561589	682.2722604671657	1.0	4.0	76.0	2.0	0.0	1.0	0.0	11.0	23.0	48.0
215	(52, 365]	23868	3317.452	15.430009302325583	8.897292924428793	925207.5	4303.290697674419	3021.1600266987525	87330.55715773502	406.18863794295356	472.58392842387366	1.0	7.0	162.0	9.0	36.0	1.0	5.0	39.0	12.0	158.0
1	(0, 12]	23910	6.8	6.8		6050.0	6050.0		889.7058823529413	889.7058823529413		0.0	0.0	1.0	0.0	0.0	0.0	0.0	1.0	0.0	0.0
60	(52, 365]	23949	1153.3	19.221666666666668	5.340922654585056	234552.0	3909.2	1168.9588993949171	14501.483191204588	241.69138652007646	169.62137031524946	0.0	21.0	39.0	0.0	0.0	0.0	0.0	0.0	0.0	60.0
2	(0, 12]	23965	16.9	8.45	4.313351365237939	11348.0	5674.0	2722.361107568208	1355.0418679549114	677.5209339774557	23.671566624939047	0.0	0.0	2.0	0.0	0.0	0.0	0.0	0.0	0.0	2.0
100	(52, 365]	24016	986.9019999999999	9.869019999999999	6.36541605038865	310232.0	3102.32	1261.7039294765493	60442.852140178824	604.4285214017882	722.2945096617751	1.0	0.0	76.0	22.0	1.0	0.0	2.0	4.0	1.0	93.0
1	(0, 12]	24028	3.5	3.5		3500.0	3500.0		1000.0	1000.0		0.0	0.0	1.0	0.0	0.0	0.0	0.0	0.0	0.0	1.0
1	(0, 12]	24046	6.4	6.4		4420.0	4420.0		690.625	690.625		0.0	0.0	1.0	0.0	0.0	0.0	0.0	0.0	0.0	1.0
28	(12, 52]	24158	186.09999999999997	6.6464285714285705	4.44167820660224	133624.0	4772.285714285715	1753.8741214415681	35460.575374723245	1266.4491205258303	1390.9485584517452	0.0	9.0	19.0	0.0	0.0	0.0	0.0	6.0	8.0	14.0
2	(0, 12]	24286	12.0	6.0	0.0	7498.0	3749.0	353.5533905932738	1249.6666666666665	624.8333333333333	58.92556509887903	0.0	0.0	2.0	0.0	0.0	0.0	0.0	0.0	0.0	2.0
1	(0, 12]	24453	7.0	7.0		5000.0	5000.0		714.2857142857142	714.2857142857142		0.0	0.0	1.0	0.0	0.0	0.0	0.0	0.0	0.0	1.0
5	(0, 12]	24499	12.700000000000001	2.54	0.7956129712366433	21700.0	4340.0	421.90046219457975	9042.735042735043	1808.5470085470085	434.0767248493309	0.0	0.0	5.0	0.0	0.0	0.0	0.0	1.0	4.0	0.0
57	(52, 365]	24519	882.5000000000002	15.482456140350882	6.114973507915326	218656.0	3836.0701754385964	2658.233058816978	29576.66034084116	518.888777909494	1347.6983976809076	0.0	0.0	57.0	0.0	0.0	0.0	0.0	2.0	3.0	52.0
263	(52, 365]	24571	2529.8000000000015	9.619011406844113	5.153767221771395	901376.9	3427.2885931558935	1643.376048579558	141440.62378562125	537.7970486145294	626.753919963433	20.0	3.0	240.0	0.0	0.0	0.0	0.0	9.0	19.0	235.0
66	(52, 365]	24602	461.709	6.995590909090909	4.0128469731687915	287373.0	4354.136363636364	1852.5554150238704	54463.71701820545	825.2078336091735	675.9558390540839	9.0	3.0	54.0	0.0	0.0	0.0	1.0	5.0	11.0	49.0
129	(52, 365]	24605	1317.7999999999988	10.215503875968983	5.01127556136539	524484.0	4065.767441860465	2192.252396621837	66714.30138159504	517.1651269891088	367.4481882409258	0.0	2.0	127.0	0.0	0.0	1.0	1.0	7.0	4.0	116.0
2	(0, 12]	24612	18.6	9.3	3.252691193458119	8198.0	4099.0	565.685424949238	961.5935960591135	480.7967980295567	228.98590706912245	0.0	0.0	2.0	0.0	0.0	0.0	0.0	0.0	0.0	2.0
104	(52, 365]	24619	1389.2	13.357692307692307	7.320203354219383	370184.0	3559.4615384615386	1753.0537180338124	41696.63470685045	400.929179873562	398.1333269815013	1.0	37.0	66.0	0.0	0.0	0.0	0.0	1.0	0.0	103.0
2	(0, 12]	24720	10.0	5.0	2.687005768508881	6798.0	3399.0	565.685424949238	1517.999064983637	758.9995324918185	294.75013943036436	0.0	0.0	2.0	0.0	0.0	0.0	0.0	0.0	0.0	2.0
22	(12, 52]	24778	184.19	8.372272727272728	3.796601929066597	79579.0	3617.2272727272725	1683.5816676365098	10564.274887180742	480.1943130536701	226.20555923336175	1.0	3.0	18.0	0.0	0.0	0.0	0.0	0.0	17.0	5.0
247	(52, 365]	24797	2413.129000000001	9.769753036437251	4.4034292142902824	849109.0	3437.6882591093117	1820.6640182810274	107329.57472427288	434.5326911913882	330.05655990148125	0.0	8.0	239.0	0.0	0.0	0.0	0.0	6.0	22.0	219.0
23	(12, 52]	24947	290.2	12.617391304347825	7.268965924576081	81852.0	3558.782608695652	2400.2876334556568	16806.02235336749	730.6966240594561	1690.446957865988	0.0	0.0	23.0	0.0	0.0	1.0	0.0	2.0	1.0	19.0
13	(12, 52]	25088	100.7	7.746153846153846	5.15487073627383	75076.0	5775.076923076923	2025.6609810766488	22525.155788096403	1732.7042913920309	2415.336144722486	0.0	0.0	13.0	0.0	0.0	0.0	0.0	3.0	6.0	4.0
2	(0, 12]	25168	11.5	5.75	2.192031021678297	6598.0	3299.0	282.842712474619	1217.1722113502935	608.5861056751468	182.8168540048154	0.0	0.0	2.0	0.0	0.0	0.0	0.0	0.0	0.0	2.0
372	(365, 1000]	25263	3120.4300000000017	8.388252688172047	4.500134243654206	1776601.0	4775.809139784947	2541.144780676279	255017.62246612544	685.5312431885093	446.3258417255986	14.0	14.0	344.0	0.0	0.0	1.0	1.0	23.0	25.0	322.0
8	(0, 12]	25274	94.3	11.7875	6.246927816363587	58898.0	7362.25	2560.094906164892	5565.715147448868	695.7143934311085	187.19611836324	0.0	0.0	8.0	0.0	0.0	0.0	0.0	0.0	1.0	7.0
60	(52, 365]	25694	502.3239999999999	8.372066666666665	3.978505476430652	211936.0	3532.266666666667	1576.322612453134	30404.429222362185	506.7404870393697	324.57697077552785	3.0	8.0	49.0	0.0	0.0	0.0	0.0	4.0	13.0	43.0
1	(0, 12]	25866	3.2	3.2		4500.0	4500.0		1406.25	1406.25		0.0	0.0	1.0	0.0	0.0	0.0	0.0	0.0	1.0	0.0
161	(52, 365]	26034	3548.0000000000005	22.037267080745345	8.060806565379924	564740.0	3507.7018633540374	320.1484976678888	33096.987658967315	205.57135191905164	154.25833632474524	0.0	13.0	148.0	0.0	0.0	0.0	0.0	0.0	0.0	161.0
40	(12, 52]	26098	288.8999999999999	7.222499999999998	3.556250366139407	154911.0	3872.775	1803.1515926359714	28563.639428379473	714.0909857094869	619.8284712928607	0.0	3.0	36.0	1.0	0.0	0.0	0.0	4.0	19.0	17.0
5	(0, 12]	26301	39.2	7.840000000000001	8.79619235806039	27045.0	5409.0	2763.2408508850617	5358.789608810511	1071.7579217621021	616.7926654680192	0.0	0.0	5.0	0.0	0.0	0.0	0.0	0.0	0.0	5.0
12	(0, 12]	26315	118.10000000000001	9.841666666666667	8.627594032398534	74660.0	6221.666666666667	3804.9589254343373	8989.538058495358	749.1281715412798	236.83145115175964	0.0	1.0	11.0	0.0	0.0	0.0	0.0	0.0	5.0	7.0
123	(52, 365]	26349	1558.348999999999	12.669504065040643	5.705853424441679	499554.0	4061.4146341463415	3264.0029662294396	63330.334322752875	514.8807668516494	1290.838574330478	1.0	19.0	102.0	1.0	0.0	2.0	1.0	11.0	39.0	70.0
13	(12, 52]	26461	141.3	10.86923076923077	8.608076112522145	62850.0	4834.615384615385	1338.5443921452847	9016.86017625119	693.6046289423992	364.3745504460795	0.0	0.0	13.0	0.0	0.0	0.0	0.0	0.0	5.0	8.0
473	(365, 1000]	26462	6670.199999999998	14.101902748414371	10.884558753262986	1663739.0	3517.4186046511627	1390.192445765442	208978.84597888505	441.81574202724113	402.8130315235548	9.0	0.0	461.0	3.0	0.0	0.0	2.0	4.0	6.0	461.0
4	(0, 12]	26526	39.300000000000004	9.825000000000001	7.181167500251381	25383.0	6345.75	2654.6157757134397	3457.4805819846756	864.3701454961689	540.2656686301857	0.0	0.0	4.0	0.0	0.0	0.0	0.0	0.0	0.0	4.0
45	(12, 52]	26684	572.5	12.722222222222221	6.998145497490056	136949.0	3043.311111111111	1783.0583126932913	15092.1360925809	335.3808020573533	252.99886543818536	0.0	1.0	44.0	0.0	0.0	0.0	0.0	0.0	3.0	42.0
10	(0, 12]	26722	54.50000000000001	5.450000000000001	2.7419579379219754	38276.0	3827.6	1241.4647442078697	11848.05254748622	1184.805254748622	1332.0721602670492	0.0	2.0	8.0	0.0	0.0	0.0	0.0	0.0	9.0	1.0
5	(0, 12]	26773	42.0	8.4	5.203364296299078	29498.0	5899.6	2025.469155529158	4638.717965742217	927.7435931484433	678.0295389797005	0.0	0.0	5.0	0.0	0.0	0.0	0.0	0.0	1.0	4.0
3	(0, 12]	26828	28.1	9.366666666666667	3.02709982216202	19550.0	6516.666666666667	1251.332622979731	2146.7970232015177	715.5990077338392	92.32978435448914	0.0	0.0	3.0	0.0	0.0	0.0	0.0	0.0	0.0	3.0
91	(52, 365]	26933	1075.7999999999997	11.821978021978019	4.232724423342021	311863.0	3427.065934065934	1833.635658722236	30268.092729925316	332.61640362555295	238.2965866203245	0.0	0.0	70.0	21.0	0.0	0.0	0.0	5.0	3.0	83.0
23	(12, 52]	27335	192.60000000000002	8.373913043478263	4.967550831629419	102799.0	4469.521739130435	2287.654373719255	14926.332961893471	648.9709983431944	371.5679400900903	1.0	1.0	21.0	0.0	0.0	0.0	0.0	3.0	1.0	19.0
46	(12, 52]	27469	399.1999999999999	8.678260869565214	3.2945687995364774	148480.0	3227.8260869565215	1724.2186933261858	18691.125089800873	406.328806300019	213.8025994965689	34.0	0.0	12.0	0.0	0.0	0.0	0.0	1.0	0.0	45.0
79	(52, 365]	27476	995.0999999999999	12.596202531645568	8.405026625409324	258108.0	3267.1898734177216	1469.6909763790425	30919.062959495972	391.38054379108826	287.8182395278579	0.0	1.0	76.0	2.0	0.0	0.0	1.0	2.0	0.0	76.0
3	(0, 12]	27477	19.0	6.333333333333333	3.146956201368766	12748.0	4249.333333333333	1130.8405428411795	2432.208672086721	810.736224028907	436.1834924343304	0.0	0.0	3.0	0.0	0.0	0.0	0.0	0.0	0.0	3.0
105	(52, 365]	27596	1145.0000000000002	10.904761904761907	4.236117166071855	380581.0	3624.5809523809526	2163.1980811047415	47578.25049032526	453.1261951459549	617.0506755485504	0.0	4.0	90.0	8.0	3.0	0.0	1.0	1.0	82.0	21.0
16	(12, 52]	27790	141.0	8.8125	4.864000411184193	43140.0	2696.25	355.85643172493036	10115.72587824098	632.2328673900613	1012.5572342813007	0.0	2.0	14.0	0.0	0.0	0.0	0.0	0.0	14.0	2.0
8	(0, 12]	27808	87.0	10.875	6.450193795538239	57296.0	7162.0	3019.0029574584482	6324.655156562505	790.5818945703131	306.4402238310686	0.0	0.0	8.0	0.0	0.0	1.0	0.0	1.0	0.0	6.0
27	(12, 52]	27901	227.62899999999996	8.430703703703703	4.7359015534760145	129026.0	4778.740740740741	1583.5274788753356	24565.670571872593	909.839650810096	1041.8487847679855	2.0	2.0	23.0	0.0	0.0	0.0	1.0	3.0	8.0	15.0
2	(0, 12]	27922	20.799999999999997	10.399999999999999	1.697056274847715	9598.0	4799.0	1838.4776310850236	964.5727136431785	482.28635682158927	255.47545376947554	0.0	0.0	2.0	0.0	0.0	0.0	0.0	0.0	0.0	2.0
4	(0, 12]	28013	41.4	10.35	1.2503332889007368	22279.0	5569.75	2791.3178936361464	2129.7927979078	532.44819947695	230.9623304911978	0.0	0.0	3.0	1.0	0.0	0.0	0.0	0.0	0.0	4.0
1	(0, 12]	28070	7.4	7.4		5200.0	5200.0		702.7027027027028	702.7027027027028		0.0	0.0	1.0	0.0	0.0	0.0	0.0	0.0	1.0	0.0
4	(0, 12]	28072	22.500000000000004	5.625000000000001	2.811138559374119	16648.0	4162.0	877.1024265538585	3371.8569447457267	842.9642361864317	281.44822583010193	0.0	0.0	4.0	0.0	0.0	0.0	0.0	0.0	0.0	4.0
36	(12, 52]	28190	420.49999999999994	11.680555555555554	3.9612998908687564	110937.0	3081.5833333333335	1739.5381550449365	22691.736771611824	630.3260214336618	2110.1685827114397	0.0	0.0	36.0	0.0	0.0	0.0	0.0	2.0	1.0	33.0
159	(52, 365]	28479	1435.3999999999992	9.027672955974838	5.970803562629114	697684.0	4387.9496855345915	2402.7784755394578	95466.4169135157	600.4177164372056	346.81636068667655	7.0	6.0	144.0	1.0	1.0	0.0	1.0	25.0	13.0	120.0
54	(52, 365]	28592	571.1	10.575925925925926	4.792601813770148	210304.0	3894.5185185185187	1702.363249052935	26428.449573217196	489.4157328373555	368.9552955286521	0.0	0.0	51.0	3.0	0.0	0.0	1.0	2.0	2.0	49.0
2	(0, 12]	28610	6.6	3.3	0.4242640687119284	6998.0	3499.0	0.0	2138.277777777778	1069.138888888889	137.45370152065155	0.0	0.0	2.0	0.0	0.0	0.0	0.0	0.0	0.0	2.0
21	(12, 52]	28695	169.90000000000003	8.090476190476192	1.1920170979917868	62730.0	2987.1428571428573	755.7065757100626	7835.976953077887	373.14175967037556	84.3381841685326	0.0	0.0	21.0	0.0	0.0	0.0	0.0	0.0	0.0	21.0
27	(12, 52]	28838	404.50000000000006	14.981481481481483	6.063448944735422	84076.0	3113.925925925926	1645.2143635387768	10352.691438230104	383.4330162307446	613.4705143742566	0.0	1.0	26.0	0.0	0.0	0.0	0.0	5.0	0.0	22.0
1	(0, 12]	28860	18.4	18.4		10700.0	10700.0		581.5217391304349	581.5217391304349		0.0	0.0	1.0	0.0	0.0	0.0	0.0	0.0	0.0	1.0
2	(0, 12]	28862	15.2	7.6	2.1213203435596424	7548.0	3774.0	388.90872965260115	1048.2759863087733	524.1379931543867	197.4701733373061	0.0	0.0	2.0	0.0	0.0	0.0	0.0	0.0	0.0	2.0
1	(0, 12]	28883	11.9	11.9		7450.0	7450.0		626.0504201680673	626.0504201680673		0.0	1.0	0.0	0.0	0.0	0.0	0.0	0.0	1.0	0.0
54	(52, 365]	29013	475.5	8.805555555555555	3.6432629303790596	222518.0	4120.7037037037035	2314.2213135114266	27101.76484269405	501.8845341239639	233.8637772587117	1.0	2.0	51.0	0.0	0.0	0.0	0.0	6.0	4.0	44.0
4	(0, 12]	29043	25.8	6.45	5.59791627899763	18096.0	4524.0	2050.0	3444.742031804532	861.185507951133	271.7263006773981	0.0	0.0	4.0	0.0	0.0	0.0	0.0	0.0	0.0	4.0
2	(0, 12]	29062	10.1	5.05	3.040559159102154	7698.0	3849.0	1202.0815280171307	1686.7768199233715	843.3884099616857	269.76055971732194	0.0	0.0	2.0	0.0	0.0	0.0	0.0	0.0	0.0	2.0
36	(12, 52]	29180	486.0999999999999	13.502777777777775	5.433572153676284	193662.0	5379.5	3874.049557172516	15436.978917866189	428.80496994072746	244.81744315256057	0.0	2.0	34.0	0.0	0.0	0.0	1.0	1.0	8.0	26.0
18	(12, 52]	29359	104.2	5.788888888888889	3.8046239497081458	58389.0	3243.8333333333335	1379.0992051506153	11432.11747084545	635.1176372691916	257.5822423514553	0.0	0.0	18.0	0.0	0.0	0.0	0.0	0.0	0.0	18.0
3	(0, 12]	29416	18.2	6.066666666666666	5.953430383680768	13948.0	4649.333333333333	2858.461182757837	3024.566948555321	1008.1889828517736	449.9224794529134	0.0	0.0	3.0	0.0	0.0	0.0	0.0	0.0	0.0	3.0
8	(0, 12]	29518	63.89999999999999	7.987499999999999	5.558118258136342	51597.0	6449.625	1536.9404614827658	8618.350450481672	1077.293806310209	560.1079379737124	0.0	0.0	7.0	1.0	0.0	0.0	0.0	4.0	1.0	3.0
2	(0, 12]	29537	8.3	4.15	2.6162950903902265	6248.0	3124.0	176.7766952966369	1845.413043478261	922.7065217391305	539.1074331085524	0.0	0.0	2.0	0.0	0.0	0.0	0.0	0.0	0.0	2.0
11	(0, 12]	29718	110.30000000000001	10.02727272727273	4.1904870621661425	71141.0	6467.363636363636	2674.8419120661047	7597.460449823923	690.6782227112658	211.53383522182216	0.0	1.0	10.0	0.0	0.0	0.0	0.0	3.0	4.0	4.0
308	(52, 365]	29948	6348.500000000004	20.612012987013	6.807053620809337	1199432.0	3894.2597402597403	1445.9379057999859	74009.75652354806	240.29141728424693	213.5148479565619	4.0	2.0	301.0	1.0	0.0	1.0	0.0	10.0	2.0	295.0
3	(0, 12]	29986	14.7	4.8999999999999995	1.7058722109231976	10797.0	3599.0	655.7438524302	2404.0846560846558	801.3615520282186	322.39141249021816	0.0	0.0	3.0	0.0	0.0	0.0	0.0	0.0	0.0	3.0
5	(0, 12]	30053	53.985	10.797	6.980769585081575	38246.0	7649.2	4524.977922598076	3901.0866555822668	780.2173311164534	261.38758329399855	1.0	4.0	0.0	0.0	0.0	0.0	0.0	0.0	5.0	0.0
396	(365, 1000]	30329	8377.600000000006	21.15555555555557	6.575435255897565	1451833.0	3666.2449494949497	574.2334532532803	83785.19086221093	211.57876480356296	168.6939795335439	0.0	1.0	392.0	1.0	2.0	0.0	0.0	3.0	2.0	391.0
1	(0, 12]	30434	5.9	5.9		5950.0	5950.0		1008.4745762711864	1008.4745762711864		0.0	0.0	1.0	0.0	0.0	0.0	0.0	0.0	0.0	1.0
21	(12, 52]	30646	236.80000000000007	11.276190476190479	6.024525272741808	128485.0	6118.333333333333	2987.266783086729	12967.783889877848	617.5135185656118	254.4642020048637	0.0	1.0	20.0	0.0	0.0	0.0	0.0	1.0	0.0	20.0
22	(12, 52]	30764	142.29999999999998	6.468181818181818	4.266746989233117	109304.0	4968.363636363636	1875.890862533993	21676.233816534317	985.2833552970144	460.92047030058507	2.0	1.0	19.0	0.0	0.0	0.0	0.0	1.0	3.0	18.0
5	(0, 12]	30933	38.4	7.68	4.465086785270809	26983.0	5396.6	1497.553771989507	4376.90248878009	875.3804977560179	405.50583936438807	0.0	0.0	5.0	0.0	0.0	0.0	0.0	1.0	0.0	4.0
307	(52, 365]	31142	3052.699999999998	9.94364820846905	3.1917249592826074	674755.0	2197.899022801303	931.9183845118622	79371.15002004657	258.5379479480344	217.54798455668558	19.0	164.0	124.0	0.0	0.0	0.0	0.0	0.0	4.0	303.0
19	(12, 52]	31145	140.0	7.368421052631579	5.550280536611436	106786.0	5620.315789473684	2659.0035947623433	21942.10918964161	1154.8478520864005	1015.2475240921623	0.0	3.0	16.0	0.0	0.0	0.0	0.0	2.0	7.0	10.0
12	(0, 12]	31151	142.1	11.841666666666667	5.971516989133929	70941.0	5911.75	1851.465077126269	7018.827787224691	584.9023156020576	225.95324050151268	0.0	4.0	8.0	0.0	0.0	0.0	0.0	4.0	0.0	8.0
1	(0, 12]	31153	1.9	1.9		5500.0	5500.0		2894.7368421052643	2894.7368421052643		0.0	0.0	1.0	0.0	0.0	0.0	0.0	0.0	1.0	0.0
3	(0, 12]	31375	27.4	9.133333333333333	6.000277771348034	17997.0	5999.0	1887.4586088176875	2546.1236682983017	848.7078894327673	438.11480845089596	0.0	0.0	3.0	0.0	0.0	0.0	0.0	0.0	0.0	3.0
138	(52, 365]	31390	1449.2999999999997	10.502173913043476	5.438058200445385	503891.5	3651.3876811594205	2256.171633912623	65143.26068148404	472.0526136339423	483.02497750826745	4.0	4.0	130.0	0.0	0.0	0.0	0.0	11.0	14.0	113.0
8	(0, 12]	31438	59.79999999999999	7.474999999999999	6.897566858786406	56832.0	7104.0	1903.02015603769	21254.019888829345	2656.752486103668	3913.6880692153095	0.0	2.0	6.0	0.0	0.0	0.0	0.0	0.0	3.0	5.0
20	(12, 52]	31445	241.9	12.095	4.5669839177802185	50240.0	2512.0	0.0	4574.725761502845	228.73628807514223	61.51933015381977	0.0	0.0	20.0	0.0	0.0	0.0	0.0	0.0	0.0	20.0
2	(0, 12]	31523	26.6	13.3	3.11126983722081	11748.0	5874.0	954.5941546018391	925.4193548387098	462.7096774193549	180.01570055239458	0.0	0.0	2.0	0.0	0.0	0.0	0.0	0.0	0.0	2.0
196	(52, 365]	31533	3933.1769999999997	20.067229591836732	10.274235326382646	759436.5	3874.6760204081634	1645.4525831737947	62261.5747119808	317.6610954692898	327.43247205658514	6.0	7.0	174.0	3.0	6.0	2.0	0.0	17.0	11.0	166.0
74	(52, 365]	31581	679.6940000000002	9.185054054054056	4.548106795326564	198999.0	2689.175675675676	966.7256039708603	28176.38212171223	380.7619205636788	239.8482948836177	0.0	0.0	74.0	0.0	0.0	0.0	0.0	2.0	1.0	71.0
1	(0, 12]	31693	10.5	10.5		7250.0	7250.0		690.4761904761905	690.4761904761905		0.0	0.0	1.0	0.0	0.0	0.0	0.0	0.0	0.0	1.0
8	(0, 12]	31726	50.584	6.323	3.823626251908745	36845.0	4605.625	1807.229603366909	9073.90480021666	1134.2381000270825	1085.7315731747804	0.0	3.0	5.0	0.0	0.0	0.0	0.0	1.0	3.0	4.0
16	(12, 52]	31745	135.9	8.49375	5.370719225578638	91593.0	5724.5625	2672.0710312103106	13048.807526945664	815.550470434104	420.94378454755935	0.0	0.0	16.0	0.0	0.0	0.0	0.0	3.0	1.0	12.0
3	(0, 12]	31837	18.4	6.133333333333333	6.296295206971584	15647.0	5215.666666666667	2552.613040265471	3642.755906458048	1214.2519688193493	569.6886897061102	0.0	0.0	3.0	0.0	0.0	0.0	0.0	0.0	0.0	3.0
63	(52, 365]	31841	482.90000000000003	7.665079365079365	4.018632359645093	177206.0	2812.7936507936506	1570.35900106221	28685.506621247943	455.3255019245705	259.13596535364337	0.0	0.0	63.0	0.0	0.0	0.0	0.0	0.0	0.0	63.0
3	(0, 12]	31867	16.2	5.3999999999999995	2.0808652046684815	10857.0	3619.0	207.84609690826528	2282.26444699579	760.7548156652633	353.0536095587485	0.0	0.0	3.0	0.0	0.0	0.0	0.0	0.0	0.0	3.0
75	(52, 365]	31911	628.6529999999999	8.382039999999998	3.824076318219548	305005.5	4066.74	1677.9743184099225	45210.911431207875	602.812152416105	379.3155882258911	0.0	6.0	67.0	0.0	2.0	0.0	0.0	10.0	12.0	53.0
39	(12, 52]	31934	240.929	6.177666666666667	4.802620344711687	172068.0	4412.0	1698.5722797319174	59556.93235861655	1527.1008297081166	1761.4190375874025	3.0	9.0	27.0	0.0	0.0	0.0	0.0	3.0	18.0	18.0
1	(0, 12]	31956	9.1	9.1		6550.0	6550.0		719.7802197802197	719.7802197802197		0.0	0.0	1.0	0.0	0.0	0.0	0.0	0.0	0.0	1.0
520	(365, 1000]	31990	11378.900000000001	21.882500000000004	7.2874890482340415	1982397.0	3812.3019230769232	1072.7112190770947	119284.3101781094	229.39290418867193	226.44469335425833	1.0	1.0	512.0	5.0	1.0	0.0	1.0	11.0	1.0	507.0
12	(0, 12]	32157	116.5	9.708333333333334	5.682902320810976	78464.0	6538.666666666667	3948.340556678863	8481.316126385344	706.7763438654453	194.06860343257043	0.0	0.0	12.0	0.0	0.0	0.0	0.0	3.0	1.0	8.0
22	(12, 52]	32250	128.39999999999998	5.836363636363635	2.8332289260111247	89182.0	4053.7272727272725	860.5234388118599	24265.515433483473	1102.9779742492487	1541.0802097953895	0.0	0.0	22.0	0.0	0.0	0.0	0.0	6.0	4.0	12.0
4	(0, 12]	32349	29.200000000000003	7.300000000000001	4.2387104957364885	15396.0	3849.0	921.0501253098734	2668.1414089313507	667.0353522328377	336.534040253018	0.0	0.0	4.0	0.0	0.0	0.0	0.0	0.0	0.0	4.0
3	(0, 12]	32387	26.4	8.799999999999999	4.948737212663449	21697.0	7232.333333333333	2520.0859773692905	2737.5795019157085	912.5265006385695	386.20220709948563	0.0	0.0	3.0	0.0	0.0	0.0	0.0	0.0	0.0	3.0
33	(12, 52]	32410	617.3000000000001	18.706060606060607	5.735903339598056	142744.5	4325.590909090909	2525.488617496082	9141.680708459266	277.02062752906863	262.03435558952833	8.0	10.0	5.0	6.0	4.0	0.0	0.0	29.0	0.0	4.0
32	(12, 52]	32458	343.7	10.740625	4.981699371603255	162998.0	5093.6875	3164.1098063966556	15286.451573249817	477.70161166405677	201.02168745251225	0.0	1.0	31.0	0.0	0.0	0.0	0.0	1.0	17.0	14.0
4	(0, 12]	32464	33.099999999999994	8.274999999999999	1.6918924315688635	17797.0	4449.25	1002.7629746522024	2267.619395711501	566.9048489278753	194.6167769903745	0.0	0.0	4.0	0.0	0.0	0.0	0.0	0.0	0.0	4.0
72	(52, 365]	32500	689.4222700971218	9.575309306904469	4.070683761737486	277278.0	3851.0833333333335	2029.919458264848	49128.76626435649	682.3439758938401	1693.1564898653312	0.0	7.0	65.0	0.0	0.0	0.0	0.0	4.0	13.0	55.0
33	(12, 52]	32765	298.3	9.039393939393939	4.805266602511469	146248.0	4431.757575757576	2420.279361849359	26948.666898749554	816.6262696590774	1358.9883163753186	0.0	0.0	32.0	1.0	0.0	0.0	0.0	1.0	11.0	21.0
92	(52, 365]	32868	1137.1999999999996	12.360869565217387	1.926047967733047	161852.0	1759.2608695652175	718.0019417397787	14647.394614881732	159.21081103132317	164.74343158627104	0.0	89.0	3.0	0.0	0.0	0.0	0.0	0.0	0.0	92.0
3	(0, 12]	32909	27.6	9.200000000000001	3.143246729100342	15147.0	5049.0	476.9696007084728	1740.1167981727574	580.0389327242525	137.6282600976399	0.0	0.0	3.0	0.0	0.0	0.0	0.0	0.0	0.0	3.0
3	(0, 12]	32912	28.799999999999997	9.6	0.5567764362830023	21798.0	7266.0	2903.12194025673	2309.8251624536456	769.9417208178819	339.55715772946905	0.0	0.0	2.0	1.0	0.0	0.0	0.0	3.0	0.0	0.0
3	(0, 12]	33063	36.0	12.0	3.7403208418530096	24748.0	8249.333333333334	3687.7364782930645	2130.4424205587948	710.1474735195983	369.6536231646362	0.0	0.0	3.0	0.0	0.0	0.0	0.0	2.0	0.0	1.0
4	(0, 12]	33336	25.799999999999997	6.449999999999999	4.446346815083142	16698.0	4174.5	805.1502965285425	3475.0549458090222	868.7637364522556	506.97056034722203	0.0	0.0	4.0	0.0	0.0	0.0	0.0	0.0	0.0	4.0
12	(0, 12]	33579	90.50000000000001	7.541666666666668	5.246550093040939	69233.0	5769.416666666667	3097.9544998810643	10932.471190077707	911.039265839809	383.4898893719574	0.0	1.0	11.0	0.0	0.0	0.0	0.0	0.0	1.0	11.0
8	(0, 12]	33778	122.79999999999998	15.349999999999998	9.215204826806618	54292.5	6786.5625	4298.483332504784	6626.0068547843675	828.2508568480459	904.1856879780764	0.0	0.0	8.0	0.0	0.0	0.0	0.0	0.0	4.0	4.0
1	(0, 12]	34195	12.7	12.7		8850.0	8850.0		696.8503937007872	696.8503937007872		0.0	0.0	1.0	0.0	0.0	0.0	0.0	1.0	0.0	0.0
4	(0, 12]	34214	91.30000000000001	22.825000000000003	18.36361892438416	46436.0	11609.0	8904.12264066483	2782.7799773547304	695.6949943386826	427.81449395506854	0.0	2.0	2.0	0.0	0.0	0.0	0.0	2.0	0.0	2.0
10	(0, 12]	34733	79.10000000000001	7.910000000000001	5.167086004488195	44631.0	4463.1	1613.888089883145	9563.152131565445	956.3152131565445	881.3452067707865	2.0	3.0	5.0	0.0	0.0	0.0	0.0	0.0	10.0	0.0
2	(0, 12]	34909	11.100000000000001	5.550000000000001	3.323401871576773	11450.0	5725.0	318.1980515339464	2471.914556962025	1235.9572784810125	682.7720145871687	1.0	0.0	1.0	0.0	0.0	1.0	0.0	0.0	1.0	0.0
4	(0, 12]	34935	32.199999999999996	8.049999999999999	2.0631690833925043	17129.5	4282.375	846.9684542531676	2203.1143592293324	550.7785898073331	139.08981069502914	0.0	0.0	4.0	0.0	0.0	0.0	0.0	0.0	0.0	4.0
6	(0, 12]	35191	57.7	9.616666666666667	5.13397182176399	38695.0	6449.166666666667	2620.4694553966215	4661.986313813552	776.9977189689254	292.6054567546353	0.0	2.0	4.0	0.0	0.0	0.0	0.0	3.0	2.0	1.0
19	(12, 52]	35801	266.40000000000003	14.021052631578948	1.4797067830292223	105581.0	5556.894736842105	3417.327706698724	7561.681163042234	397.98321910748604	245.07560789598816	0.0	14.0	3.0	2.0	0.0	0.0	0.0	19.0	0.0	0.0
19	(12, 52]	35838	162.89999999999998	8.573684210526315	2.1817022164822375	48488.0	2552.0	197.4895215223104	6143.857801742975	323.36093693384083	124.17989569194584	19.0	0.0	0.0	0.0	0.0	0.0	0.0	0.0	0.0	19.0
35	(12, 52]	36206	327.9000000000001	9.368571428571432	5.268651542437615	112418.0	3211.942857142857	1371.5881722607974	30745.614983162195	878.4461423760628	1700.5991061100888	0.0	23.0	12.0	0.0	0.0	0.0	0.0	2.0	5.0	28.0
22	(12, 52]	36231	213.8	9.718181818181819	5.641904133453727	79213.5	3600.6136363636365	2638.379841655256	9815.927491225611	446.1785223284369	273.99383708822563	0.0	0.0	22.0	0.0	0.0	0.0	0.0	1.0	2.0	19.0
